# 
#                 ----------------------------------------------------
#                 Data from a 3D direct N-body simulation. 
# 
#                 rows are i-particle; 
#                 coumns are :mass, tag, x ,y, z, vx, vy, vz, ax, ay, az
# 
#                 NTHU, Computational Physics 
# 
#                 ----------------------------------------------------
#                 Time = 0.0
0.000000000000000000e+00 1.000000000000000000e+00 2.000000000000000000e+00 3.000000000000000000e+00 4.000000000000000000e+00 5.000000000000000000e+00 6.000000000000000000e+00 7.000000000000000000e+00 8.000000000000000000e+00 9.000000000000000000e+00 1.000000000000000000e+01 1.100000000000000000e+01 1.200000000000000000e+01 1.300000000000000000e+01 1.400000000000000000e+01 1.500000000000000000e+01 1.600000000000000000e+01 1.700000000000000000e+01 1.800000000000000000e+01 1.900000000000000000e+01 2.000000000000000000e+01 2.100000000000000000e+01 2.200000000000000000e+01 2.300000000000000000e+01 2.400000000000000000e+01 2.500000000000000000e+01 2.600000000000000000e+01 2.700000000000000000e+01 2.800000000000000000e+01 2.900000000000000000e+01 3.000000000000000000e+01 3.100000000000000000e+01 3.200000000000000000e+01 3.300000000000000000e+01 3.400000000000000000e+01 3.500000000000000000e+01 3.600000000000000000e+01 3.700000000000000000e+01 3.800000000000000000e+01 3.900000000000000000e+01 4.000000000000000000e+01 4.100000000000000000e+01 4.200000000000000000e+01 4.300000000000000000e+01 4.400000000000000000e+01 4.500000000000000000e+01 4.600000000000000000e+01 4.700000000000000000e+01 4.800000000000000000e+01 4.900000000000000000e+01 5.000000000000000000e+01 5.100000000000000000e+01 5.200000000000000000e+01 5.300000000000000000e+01 5.400000000000000000e+01 5.500000000000000000e+01 5.600000000000000000e+01 5.700000000000000000e+01 5.800000000000000000e+01 5.900000000000000000e+01 6.000000000000000000e+01 6.100000000000000000e+01 6.200000000000000000e+01 6.300000000000000000e+01 6.400000000000000000e+01 6.500000000000000000e+01 6.600000000000000000e+01 6.700000000000000000e+01 6.800000000000000000e+01 6.900000000000000000e+01 7.000000000000000000e+01 7.100000000000000000e+01 7.200000000000000000e+01 7.300000000000000000e+01 7.400000000000000000e+01 7.500000000000000000e+01 7.600000000000000000e+01 7.700000000000000000e+01 7.800000000000000000e+01 7.900000000000000000e+01 8.000000000000000000e+01 8.100000000000000000e+01 8.200000000000000000e+01 8.300000000000000000e+01 8.400000000000000000e+01 8.500000000000000000e+01 8.600000000000000000e+01 8.700000000000000000e+01 8.800000000000000000e+01 8.900000000000000000e+01 9.000000000000000000e+01 9.100000000000000000e+01 9.200000000000000000e+01 9.300000000000000000e+01 9.400000000000000000e+01 9.500000000000000000e+01 9.600000000000000000e+01 9.700000000000000000e+01 9.800000000000000000e+01 9.900000000000000000e+01
1.000000000000000056e-01 1.000000000000000056e-01 1.000000000000000056e-01 1.000000000000000056e-01 1.000000000000000056e-01 1.000000000000000056e-01 1.000000000000000056e-01 1.000000000000000056e-01 1.000000000000000056e-01 1.000000000000000056e-01 1.000000000000000056e-01 1.000000000000000056e-01 1.000000000000000056e-01 1.000000000000000056e-01 1.000000000000000056e-01 1.000000000000000056e-01 1.000000000000000056e-01 1.000000000000000056e-01 1.000000000000000056e-01 1.000000000000000056e-01 1.000000000000000056e-01 1.000000000000000056e-01 1.000000000000000056e-01 1.000000000000000056e-01 1.000000000000000056e-01 1.000000000000000056e-01 1.000000000000000056e-01 1.000000000000000056e-01 1.000000000000000056e-01 1.000000000000000056e-01 1.000000000000000056e-01 1.000000000000000056e-01 1.000000000000000056e-01 1.000000000000000056e-01 1.000000000000000056e-01 1.000000000000000056e-01 1.000000000000000056e-01 1.000000000000000056e-01 1.000000000000000056e-01 1.000000000000000056e-01 1.000000000000000056e-01 1.000000000000000056e-01 1.000000000000000056e-01 1.000000000000000056e-01 1.000000000000000056e-01 1.000000000000000056e-01 1.000000000000000056e-01 1.000000000000000056e-01 1.000000000000000056e-01 1.000000000000000056e-01 1.000000000000000056e-01 1.000000000000000056e-01 1.000000000000000056e-01 1.000000000000000056e-01 1.000000000000000056e-01 1.000000000000000056e-01 1.000000000000000056e-01 1.000000000000000056e-01 1.000000000000000056e-01 1.000000000000000056e-01 1.000000000000000056e-01 1.000000000000000056e-01 1.000000000000000056e-01 1.000000000000000056e-01 1.000000000000000056e-01 1.000000000000000056e-01 1.000000000000000056e-01 1.000000000000000056e-01 1.000000000000000056e-01 1.000000000000000056e-01 1.000000000000000056e-01 1.000000000000000056e-01 1.000000000000000056e-01 1.000000000000000056e-01 1.000000000000000056e-01 1.000000000000000056e-01 1.000000000000000056e-01 1.000000000000000056e-01 1.000000000000000056e-01 1.000000000000000056e-01 1.000000000000000056e-01 1.000000000000000056e-01 1.000000000000000056e-01 1.000000000000000056e-01 1.000000000000000056e-01 1.000000000000000056e-01 1.000000000000000056e-01 1.000000000000000056e-01 1.000000000000000056e-01 1.000000000000000056e-01 1.000000000000000056e-01 1.000000000000000056e-01 1.000000000000000056e-01 1.000000000000000056e-01 1.000000000000000056e-01 1.000000000000000056e-01 1.000000000000000056e-01 1.000000000000000056e-01 1.000000000000000056e-01 1.000000000000000056e-01
7.340149470105652441e-01 -4.860320481057287534e-01 1.581333698870791560e+00 -4.132931826967656264e-01 5.868458746760263356e-01 -1.549246536623690496e+00 -2.151870315064904893e-02 -6.209444780594975954e-01 1.292447285617943198e+00 -1.220116399028980503e+00 -7.456715023732349845e-01 -1.863924757784342745e+00 6.853744253086921923e-01 3.750735754504045394e-01 -7.479606006613151448e-02 -1.110975065898980735e-01 -2.138895231014112386e-01 7.545216397664998853e-01 -3.480171931649154171e-01 1.172350245452675299e+00 1.060515641004452281e+00 -8.776374400731570269e-01 -1.919965644653038872e-01 -9.346804606725584996e-01 -2.176792788358038688e+00 5.008736139991458725e-01 2.094060936028408371e+00 -9.521141068120833051e-01 4.385103955128620279e-01 9.131514108009191055e-01 3.629153220845915850e+00 1.405442739551891584e+00 -4.591985452246286625e-01 -1.394244286945361733e+00 -8.614378694715197904e-01 -2.145542392985615443e+00 3.938652679497336440e-01 1.542990571032262004e+00 5.490106169609394460e-01 2.002875994339155419e+00 1.579091588953806635e+00 -1.125353442082993372e+00 1.007565962768927487e-01 -1.177930142611532671e-01 1.787591242469774855e+00 -8.485867969098346286e-01 2.620722568438635935e-01 3.558821877369101605e-01 2.335432420627431005e-01 4.269419299980810045e-01 -5.920153190356003403e-01 1.271008767579718590e+00 -1.769701413291218994e+00 -1.069980794198619023e+00 1.000893765610671782e+00 -3.671096915999103594e-01 -1.197882303978247798e+00 -3.444347359054713564e-01 -4.999342443501609834e-01 6.469531788221425384e-01 -3.028679546043288040e-01 7.148903760922109552e-01 2.413327125394537642e+00 -1.909521201881258845e+00 1.242362272585467053e+00 1.051086574192474643e+00 2.067997205401723715e-01 -2.317927847799594043e-01 5.195137113166803378e-01 4.881806937391003909e-01 1.002544960618803049e+00 7.049837787108259590e-01 3.497941828333245295e-01 -2.735528196539318557e-01 -1.797536442318183325e-01 1.295401410435786493e+00 -8.101661138392162176e-01 -4.023935311066024756e-01 -4.409881746403542246e-01 5.395439221892910364e-01 5.042220635280625363e-01 -1.127311421314215689e+00 1.831742246376872885e-01 6.069986834292911276e-02 7.047723306369317875e-01 1.342684208126431411e+00 -1.170468096981288841e+00 -1.121787331584325642e+00 5.301142120061654861e-01 1.292930651961081701e-01 6.934766167341760434e-02 -4.699628461319988459e-01 1.550647165047292608e+00 -8.081511229707836197e-01 -1.003344320729171679e+00 8.181515357524044019e-01 -1.381198930352386250e-02 -1.282753243048678105e+00 -9.439317786651364728e-02 -1.502660670291001144e-01
-1.548263203769960850e+00 7.476732234518272957e-01 -1.823082410910139006e-01 1.107898934341255082e+00 8.276991819613803078e-03 2.243488344459148576e-01 4.298189455280618798e-01 3.540504231138359020e-02 9.110619208694955562e-01 -1.584230465603740701e+00 -2.964705047161359519e-01 -3.344804990064828010e-01 4.971936952883606042e-01 5.880194530804544462e-01 4.630441611029874061e-01 -9.650449712640487565e-01 3.508002843306931018e-01 5.504259525709929157e-01 -5.930706492076183167e-01 -1.155015438427599461e+00 -4.843313864463185126e-01 -1.676863304410950217e+00 3.225711167331172247e-01 -1.533990741979513572e+00 6.108382787693826810e-01 -3.885736800397843194e-01 9.749778405975670914e-01 -1.127627346745836867e+00 7.883189048810959609e-02 -5.082758938045686126e-01 -2.048768151463224996e+00 -1.901488871658363333e+00 -1.363625354503831488e+00 -1.139468015419187602e-01 8.110760277542508057e-01 -3.204579649175388067e-01 -8.683862609488680606e-01 -2.150442690252172717e+00 -5.705384188996179828e-01 -7.066658059620647969e-02 5.688268907821101283e-01 1.298800729924322717e+00 -1.679135925048410360e+00 3.949847561145142238e-02 3.724794534966978654e-01 5.175835469981514558e-01 -6.078232937579335360e-01 1.664283203608937667e+00 -1.868353494038723916e-01 1.239591257579019806e-01 3.166906319355653920e+00 1.269615700781371537e+00 -1.259995002355435822e+00 1.928642964007944549e+00 -5.459597647736866843e-01 9.652965199982790900e-02 -6.188868425521434902e-02 -5.792721201300141676e-01 7.286623153162654631e-01 1.034497103976699695e+00 -3.731524696045528111e-02 -7.372070371648722364e-01 -8.914993664590123990e-01 2.613322124271858726e+00 -3.994757048545888312e-01 -2.703323586100822018e-01 -8.355912614018189410e-01 -9.804032501150421186e-02 -1.929029914295187886e+00 -9.697829931950108229e-01 -1.061266433058641656e+00 -4.858519028687929842e-01 -1.839181263576962211e-01 -2.508507254733308711e-01 2.860089854003068366e-01 -2.376204365897865767e+00 -1.166637298646270970e+00 1.343119417077687672e+00 2.284435492177441684e+00 1.001156012105169690e+00 -1.935607605968061584e+00 8.051152144420550272e-01 8.142682169544324111e-01 1.685750201945723226e-01 -5.607915228421915532e-02 1.182939358184847300e+00 -1.908215711281452176e+00 4.135846698510399211e-01 -8.100828103859523122e-01 -1.391299897332512359e+00 -7.641955750346754450e-02 -7.904821956567433805e-01 -4.533005059166345108e-01 -4.224435307990812571e-01 -1.072628855927822422e-01 -1.854296306338960365e+00 -6.251867924071587979e-01 1.297300798345556450e-01 -2.412926534841345338e-01 4.326624342249522082e-01
9.946542511550225674e-02 -8.706038577733936634e-01 -4.015655000225397675e-01 -1.297003893574298461e+00 -4.808156359454851536e-02 -1.411263081372019057e+00 -6.447693831797884911e-01 1.556221811886900674e+00 1.173989197610011193e+00 -6.596553625466683446e-01 5.910477440837748064e-01 8.579315353950497935e-02 -1.385527338326253854e+00 -1.680704996662677253e+00 9.858472021575048760e-01 -1.024208490815371242e+00 1.758185699369518851e-01 1.235387332379044967e+00 -4.170401021348105752e-01 -1.394545685429834148e+00 6.702246387804793315e-01 -1.271445227549085344e-01 5.424682659565420728e-01 -2.793300530138465021e-02 9.110360332642544745e-02 -1.668508249812083566e+00 3.582195227611219279e-02 2.012461230064577222e-01 -6.807219075761282712e-01 -1.134099461039106638e+00 -8.737584744665295444e-01 1.465484293758123613e+00 -2.396321648019524297e-01 -3.452215808066991937e-02 -5.957462185825299628e-01 -7.263586906563098688e-01 8.078347740263944754e-01 3.714224928566394190e-01 -2.775450059599778724e-02 -4.912877447609989012e-01 3.717672530186152957e-01 2.104522818346493407e-01 2.806805426055058450e-01 5.928178827163715914e-01 -8.569900955954258270e-01 -2.561404192242301425e-01 -6.852339467762906811e-01 -2.170885473541520616e-01 -1.223654001375937384e+00 1.206318284729596346e+00 -1.518851083249835199e+00 -1.191609289293966700e+00 1.397332271178143737e+00 -4.513228031508886851e-01 1.825539411019598157e+00 5.595840056791387962e-01 3.428871305719923823e-01 1.526310900904181977e+00 1.421498260218868187e-02 1.502179363834554637e+00 -1.034591554460008389e+00 4.623611105998869930e-01 -3.912670066902840249e-01 -1.989172414491288121e-01 -4.892069547779436256e-01 1.049848540128831331e+00 5.991969560909671255e-01 2.577057703517484089e-01 -2.086772059723373055e-02 -1.455513241636230859e+00 1.341846964417164889e-01 -2.266672593962031357e+00 2.029894671706730769e+00 5.009170436560428374e-02 5.512078755719076462e-01 4.464085011086773580e-01 -1.342427270260662553e+00 -8.548511461400594147e-01 -3.211635743668698195e-01 -1.316202623843932384e+00 -9.680406771970731516e-02 9.060100608944113842e-01 -1.881974384347061546e-01 7.122399761246007710e-01 -1.294442059619267393e+00 -1.589315320193190217e+00 5.023124421883540247e-02 2.040739174593790395e+00 1.030027758257676229e+00 -1.259599166470325216e+00 1.428267983783131911e-01 -1.703056584902493675e-01 1.136103624227542852e+00 -4.321982195482303446e-01 -4.386546107705445730e-01 3.864352766933558669e-01 -1.299186901514901793e+00 -9.883903363641068085e-02 4.169554675428703283e-01 4.654921742908638693e-01
-3.016030173367320044e-01 -7.947612491959739067e-01 1.451483751218008988e-01 3.957605963538327574e-03 1.783381514333015616e+00 3.345357756185075582e-01 1.175980765760135327e+00 -6.768643269416572128e-01 -3.212788585664598795e-01 -1.149027518600326259e-04 1.099401960308386661e+00 -6.368263031404044483e-01 4.749767065996272075e-01 -3.828636874485837893e-01 -1.574962811381156458e+00 2.427211870080411837e-01 1.776544736925518286e+00 -7.035784693402736822e-01 -1.594314630205982741e+00 -4.640611826605787332e-02 -1.908615610115866335e-01 -6.918765935239884479e-01 -1.521560342991529202e+00 3.984628626090117587e-01 -5.004384323577457661e-01 -1.058514981169141222e+00 3.059546360757430250e-01 -4.049630862069762971e-01 -2.630781449372283642e-01 -2.444019978026856776e+00 -2.253411987807340533e-01 -1.625954793042664465e-02 1.604139189630455098e+00 -7.092187984470457174e-01 2.089583628233994794e+00 9.211513759388896272e-01 -1.908531831023986047e+00 -6.474658553799979011e-01 -1.225815474774567315e+00 3.760927353480491009e-01 -1.386735011425500375e+00 3.573843285659784041e-01 7.276737428260168228e-01 8.574155688911311302e-02 -3.405689122817782966e-02 9.812462233886167784e-01 8.472192506086979602e-01 3.735594344998551253e-01 6.875084596801477321e-01 -5.730147330894801438e-01 -2.732557064339176112e-01 1.293728344843804390e+00 6.250786385951725421e-01 4.470478719173897608e-01 -1.126360327621995339e+00 6.503297462588457645e-01 1.318932409909243875e+00 -2.181850452375239668e-01 1.127894299352144136e+00 -2.786926728351284410e-01 1.172104666130008521e+00 -2.573792949200990332e-01 -3.760575927478960329e-02 -7.338546855257807033e-01 -2.593763725763761130e+00 1.390073896594305580e+00 1.608473862090701312e-01 2.654278666254847874e-01 1.196469551705069190e+00 -5.021098880389579522e-01 -1.413634547710221678e+00 4.056761709649366054e-02 8.706167673594177314e-01 -3.900332479794883511e-01 9.808685226712343663e-01 1.178250124115528763e+00 1.016166313987613590e+00 -8.499912219820275894e-01 -1.234292796500360001e-01 7.424444656413752008e-02 1.603196804848773471e+00 1.486779837975810981e-01 2.006162531094987322e+00 -7.247620460217596428e-01 6.533902975976640937e-01 7.566140752422321203e-01 1.781869208438505270e+00 -1.307486903395398831e-02 -1.352933061975581108e-01 -1.872105678780119797e+00 4.184616636665932088e-01 1.191425669835465051e+00 2.222884654027868834e+00 -5.742230232483838126e-01 -5.798334999749794605e-01 2.035782051512474433e-01 6.555974796651889980e-01 1.288527870558908939e+00 4.798757932425189859e-03 1.846887187682682008e+00
-5.107734931391422206e-01 -2.950822789247206646e-01 3.109941330230165946e-01 -6.062206188163666853e-01 -3.715085945972321224e-02 1.729419435719860842e-01 1.600217346528227669e+00 -1.185740876830113866e+00 -8.902736551396139841e-02 1.252627171130291650e+00 -1.289530738005536303e+00 -1.014780536665224053e+00 -3.703976803423170150e-01 -3.647103564333943337e-01 -2.288443207554264891e+00 -6.953417980171708868e-01 7.476784892575061292e-01 -6.142652094675442598e-01 1.573629227216966298e+00 1.540149676509487975e-01 -4.565025370764254076e-01 1.444505755647747858e+00 -1.826730164565519843e+00 -1.136453795460033334e+00 -1.132384617913612557e+00 5.201062892510268654e-01 -1.226553725105609782e+00 1.129116639117489385e+00 3.411833702618403963e-02 -2.148701198391455236e+00 -1.129133457726637646e-01 1.391045811964832235e-01 3.241020627978649093e-01 2.232613941672090263e+00 9.394893079135963054e-02 -1.026319346582875269e+00 1.133846655883063548e+00 7.550990226591722809e-01 4.247010590268001096e-01 1.045412829563038493e+00 2.066462289917654793e+00 2.481658419754126099e-01 3.486238669873262808e-01 5.651872901696219920e-01 -1.045097399542956218e+00 -1.789059995605997155e+00 3.427095070565835955e-01 -6.453971763752768265e-01 1.488254869351783194e+00 -1.429282136808614379e+00 2.989053844121511982e-01 1.026406619144337728e+00 1.917589186807435286e+00 -1.835477375834437375e+00 -1.371961469321347424e-02 7.913190206782529101e-02 -1.410322652605183968e+00 1.961466247919947392e-01 8.489461799935501540e-01 7.583299722315467450e-02 -3.749272529217199668e-01 -4.059712023749887932e-01 1.263953578605970240e-01 7.279633135196137417e-01 1.071691886351675338e+00 -1.134672373042169724e+00 2.788175036392676054e-01 -1.306198835535562486e+00 1.057722835820171126e+00 -8.949820248099005227e-01 -1.420453698108708196e-01 6.495425224148022592e-01 5.792414115268240682e-01 5.728562680646815952e-01 1.532829223032978083e+00 -1.503733982537394376e-01 -1.308616169120996320e-01 4.068806528590301896e-01 2.468047716737609143e+00 3.549868798587249019e-01 2.652218913145995560e-01 2.450149864484606477e-01 1.075849696216157447e+00 -3.779419624597026295e-01 1.082769459652801886e-01 -9.025518016225503315e-02 1.469420432438163227e-01 2.183394462292868043e-01 -1.130811830073197299e+00 -8.299617111536672365e-01 2.388675090975179161e-01 5.153137265219907004e-01 1.188821892237409195e+00 9.956960403183746644e-01 -1.433946967580639331e-01 -1.499362028499349409e+00 -4.624634367050016737e-01 -1.759188533518614150e+00 1.730014583211452628e+00 -4.526291239236345243e-01
1.242170749702520005e-01 -1.026795905918233887e+00 -4.812302628536556104e-01 -4.708446465885801624e-01 3.925509033446161200e-01 -4.187145368112900057e-01 1.161188411562242173e+00 1.278226698322771249e+00 -1.222668938735447686e+00 1.366156994080971188e-01 2.274151577214572617e-01 -1.017910164516167670e+00 -6.011952484143193720e-01 1.225751729968987291e+00 1.173647342885894007e-01 2.749091605881295308e+00 -3.372611764640093268e-01 -2.048450315062469329e+00 5.508127639276065857e-01 -9.290386886019860180e-01 1.796550980493611283e+00 1.779316421791889313e+00 2.662765217115469207e-01 -1.818379462514037037e+00 8.958589482785674907e-01 -3.111023238163714844e-01 -4.957016006170846811e-01 7.767442511992562748e-01 1.300986528605119652e+00 -9.705891422233847710e-02 2.085184627402521251e-01 2.146337905897591547e+00 -7.431222155127028550e-01 2.505845419479038050e+00 -4.830029605624436284e-01 -1.486252908375579995e+00 5.913536098589220469e-01 1.383327234950597173e+00 9.008068930563140064e-02 1.230682586429118763e-01 -9.701999169977295612e-01 -4.580257014162291140e-01 -7.437255174331425245e-01 -2.991223978943391981e-01 -3.365611990009130250e-01 5.076476828233430494e-01 -1.878804235022623281e+00 5.191400204441464217e-01 2.026357621625889838e+00 -1.352225157976065351e+00 7.642904759335735765e-01 -2.968068236646856928e-01 3.221273030340067733e-01 -1.688130684827608974e-01 1.559624838027718341e-01 -1.815607721395088969e+00 6.088486344710625220e-01 -5.707199327086536211e-01 -7.079597389184574263e-01 -4.045149943745343091e-01 1.229314755222380651e+00 -1.143123914404873265e+00 6.209736399792413486e-02 3.971910817502656843e-01 8.901676511153984173e-01 -7.314196099792296124e-01 1.073508499708023756e+00 8.381640264939462792e-01 -1.714253399981295667e+00 1.507947637987838152e-01 -9.266037252853847050e-01 1.438876393152244137e+00 -6.196412664728809805e-01 -1.833574195932929696e+00 -3.685492269158825718e-02 5.488852469634905029e-01 -3.107339708918983590e-01 -5.195133852432878840e-02 3.012309952790868245e-02 -2.908058273757264250e-02 1.106552078796699146e+00 -9.076230069893867491e-02 5.672350325121222614e-01 -9.623190481797452844e-02 2.363004881430053050e-01 -6.410084374838116439e-01 7.078704909414728075e-01 7.128555009939538945e-01 -9.970954757486377718e-01 -7.758245423272227548e-01 -2.366174227410621500e-01 -5.341372968128225290e-02 6.537732069426583914e-01 2.305773369139181572e-03 1.190707046392639246e+00 5.801035559039902090e-01 2.899023949158557878e-01 2.339749905659398888e+00 2.059190570600685888e+00 -2.255560352070401509e-01
-9.713039242831055242e-01 5.056409417554998953e-01 -1.499375000279707937e+00 4.362031081664543564e-01 -1.747469075154188589e+00 1.075198094993546016e+00 -1.455718698254745425e-01 8.331593899801369441e-01 -1.158512984306751425e+00 1.277009718430218710e+00 1.928328060737430905e+00 2.073212759442476294e+00 -1.086869365211241556e+00 2.118446150783230841e-01 4.503946457059471165e-02 5.805021170196784652e-01 4.856781498059156155e-01 -9.732428793929670530e-01 1.701133799070165542e-01 -1.144846875298042965e+00 -1.852243300332762743e+00 -3.125176787197742057e-01 2.171514866562397472e+01 1.860448117683357161e+00 1.438661758147943281e+00 -3.767855014771739341e-01 -1.145349063414452084e+00 1.402839347417285776e+00 -9.850507774693375573e-01 -1.484057717058011372e+00 -5.112882859834102511e-01 -5.934104423840168563e-01 5.659577332589167675e-02 2.562987495295900864e+00 1.531223929626220448e+00 1.439545309334153700e+00 -1.878584676776966500e-01 -1.585110616737551492e+00 -1.063963926053676845e+00 -1.957978649880113053e+00 -1.215434681675510165e+00 1.021565454634253411e+00 5.799906381035604408e-01 -9.437322962848468944e-01 -1.283891522105994998e+00 1.486999821769494634e+00 -5.513230345853761261e-01 -4.992672351514832463e-01 1.489033190062659107e-01 -7.057008705115871416e-01 9.436252518585115656e-02 -8.039198814523502712e-01 8.251788317761048486e-01 7.063819262288569822e-01 -7.515692033944439965e-01 4.994317383168367819e+00 1.768798134049373028e+00 5.507484624390817096e-01 7.682073532482727174e-01 -3.027113782104598472e-01 9.550331466671234670e-01 -1.305575755055210729e+00 -1.224993159723951619e+00 5.432490385308232916e-01 -9.864050222762700271e-01 -1.236114341969000607e+00 9.907738743818526039e-01 1.806576226648281214e+00 -3.492658078576511116e+00 -5.774495161731649784e-01 -1.644737167807462708e+00 -4.276054688789582281e-01 -1.024619438457012310e-01 1.321918936109875542e+00 -1.883256701491252016e+01 -1.879857173465405151e-01 9.465737440918625678e-01 1.510654610011568921e-01 2.223969193580928316e-02 -3.419064183293606396e-01 3.143641027285849265e+00 1.200599639607007330e+00 -8.089729189213620275e-01 -3.627058670165947074e+00 -1.303326810198701891e+00 -9.363913811625933503e-01 1.536128862463840727e+00 7.061751727110608945e-01 -1.163041848134660716e+00 -5.534971121249624565e-02 -2.394221504497162201e+00 9.354796822425561764e-01 -1.776851995283367236e+00 1.410579871148345932e+00 1.671539461221813516e+00 -8.743838992025970702e-01 6.591751112790492639e-01 1.645306393358684227e+00 -9.005750148750852890e-01 -2.152005955446600005e+00
6.001130459135837203e-01 -8.773835656433262020e-01 -1.558971378873330871e-01 -1.127320921149734811e+00 -7.525016649759092013e-01 -2.281176339689489629e-01 -1.053034638264454870e+00 -1.915968392031862089e-01 -1.008567556271200871e+00 1.094019906259570352e+00 1.024638250253309790e+00 4.878984285313947011e-01 -6.874871142713977479e-01 -7.493549126721612552e-01 -2.154376342279584300e+00 1.394985859825333963e+00 -2.063974040031945290e+00 -9.275016864146663487e-01 6.146130462885064372e-01 1.015660903187027619e+00 1.702191972157599820e-01 3.775337526160728263e+00 -5.896660682121518704e+01 -8.812348407043613108e-01 -5.517151515421794272e-01 2.309871256305776888e-01 -7.904703404653501408e-01 7.146130210974335206e-01 -6.320111783066385547e-01 6.070009507945517413e-01 2.650912065537940898e-01 7.375315076179225215e-01 1.528737175847485918e+00 1.104859083922983931e+00 -1.465912102738876621e+00 1.917399581041945855e-01 1.723907934174609968e+00 5.202073122406414285e-01 7.572272301293034857e-01 -1.339776021572856302e-01 -7.116562134702588693e-01 -1.409583199060963965e+00 1.509116877243864341e+00 2.842125390482515890e+00 -6.728927684954859600e-01 -7.837159409818933442e-01 8.717896254019964486e-01 -1.500725205426659326e+00 -2.780583577095977477e-01 -2.868426314098214691e-01 -6.472102284168795849e-01 -1.170174356131626903e+00 5.178203078189961284e-01 -1.065983431222011113e+00 3.612672282310296912e-01 9.828090772698744315e-01 -2.056873696965548504e-02 8.039720978760541703e-01 -2.219392627647536642e+00 -1.338326713221922315e+00 -2.677830668536576586e-01 7.733819861516337824e-01 4.207083978424032700e-01 -7.018710999486029722e-01 5.214084750112010225e-01 -3.678761658301076265e-01 1.277045078084599883e+00 5.251355312811026299e-02 5.788440836173345261e-01 1.198225898286779501e+00 9.667090384005347925e-01 2.293291987496036965e-01 -1.179994544530728329e-02 1.763379919094411497e+00 5.780265902650581467e+01 1.814257886507245177e+00 8.505916329283871313e-01 -1.767835241166128446e+00 -1.316587081877334864e+00 -1.529108144169095906e+00 3.324908125663572633e+00 -1.039655749970615162e+00 -1.915849387001444137e+00 -5.641829306765197005e-01 -4.550215473354056184e-01 -7.275236561907729715e-01 2.054215890234059927e+00 -3.516565336486591753e-01 7.937497043647036010e-01 1.788834743958315876e+00 -1.445473692831746038e-01 1.700486734981673242e+00 2.330691291777765017e-01 9.335774196696510208e-01 -2.891085893246953531e-01 1.581440995888527379e+00 4.915558128264667648e-01 -1.697220158242958021e+00 3.269758854176449070e+00 -9.986676637937177858e+00
1.555518941904678876e-01 1.349461306797543614e+00 -4.728868678888666424e-03 1.703493382483187490e+00 2.070741103591411669e-01 1.105582936606971600e+00 1.011017376793194700e+00 -1.737419556596534465e+00 -7.519388479397901559e-01 9.626486379728123044e-01 -1.573117253760754286e+00 -3.126530040826950851e-01 1.042592305354792970e+00 2.024510794560588689e+00 -3.081708378349522715e+00 9.563699874723866623e-01 2.506503170418563187e+00 -1.183050032639582305e+00 1.443207110425378747e+00 1.000225184228871189e+00 -4.515235425639531619e-01 1.744743158714541220e+00 1.026439826628689111e+01 -1.674451394501144108e+00 -1.369390774898401608e-01 2.146838814575493526e+00 -9.073071536062216058e-02 -9.462262521823718853e-01 6.922423920096795191e-01 9.160253047728332820e-01 1.261373673594676226e-01 -8.456425961199939279e-01 4.889273825950241625e-01 -2.885600762115589010e-02 9.248030166644242156e-01 5.914458831185656074e-01 -1.336257014780948493e+00 -2.920290165578752397e-03 4.618141233273412860e-01 2.459691604382610031e-01 -3.570001242660101326e-01 -4.000779439248167146e-01 -7.256284017690903809e-01 -2.612464824653216500e+00 7.084546981080386274e-01 3.168252775647973363e-01 6.303427631402513942e-01 -7.122007151324388774e-02 1.465977135546807419e+00 -1.939251987904194952e+00 3.119963664338670228e-01 2.498103291480048907e-02 -7.189242014649729340e-01 2.372034926318450920e-01 -1.551181301220611486e+00 -2.009431962984721487e+00 -1.419860808769395355e+00 -1.712236282696476986e+00 9.775161718932499563e-03 -1.275087259615260482e+00 1.622382559771152977e+00 -3.320846569779053459e-01 1.415677459630869106e-01 -9.694210163304612868e-03 4.774221557777660885e-01 -1.468606576680733022e+00 -1.123241543260465602e-01 6.168133286085317746e-01 -1.586808584592264459e+01 1.545944385954830746e+00 1.383729643057072245e-01 1.716283077592928086e+00 -1.744270335084890489e+00 2.007153963152635612e+00 -1.679980718224735625e+01 -4.500655879501878620e-01 1.344842295855294578e+00 4.847490343118467382e-01 -6.467364053606884308e-03 8.340121811940365282e-01 1.680896680127550624e+01 -1.116197264926656718e+00 2.553262725194120342e-01 -3.499825774103171305e+00 1.341438489332486439e+00 1.345363410840826779e+00 -5.562188152561745591e-01 -1.189420350357340395e+00 -2.977783071711428420e+00 1.172715822185054435e+00 1.464302986726173428e+00 -2.764119469330892365e-01 -1.019211269206572457e+00 1.096870405468432841e+00 1.357430445182834733e+00 -1.158477888748912443e+00 1.890959360669485445e+00 4.776576827689313909e-01 -1.895177453403424472e+00 3.171312458908215781e+00
