# 
#                 ----------------------------------------------------
#                 Data from a 3D direct N-body simulation. 
# 
#                 rows are i-particle; 
#                 coumns are :mass, tag, x ,y, z, vx, vy, vz, ax, ay, az
# 
#                 NTHU, Computational Physics 
# 
#                 ----------------------------------------------------
#                 Time = 0.0
0.000000000000000000e+00 1.000000000000000000e+00 2.000000000000000000e+00 3.000000000000000000e+00 4.000000000000000000e+00 5.000000000000000000e+00 6.000000000000000000e+00 7.000000000000000000e+00 8.000000000000000000e+00 9.000000000000000000e+00 1.000000000000000000e+01 1.100000000000000000e+01 1.200000000000000000e+01 1.300000000000000000e+01 1.400000000000000000e+01 1.500000000000000000e+01 1.600000000000000000e+01 1.700000000000000000e+01 1.800000000000000000e+01 1.900000000000000000e+01 2.000000000000000000e+01 2.100000000000000000e+01 2.200000000000000000e+01 2.300000000000000000e+01 2.400000000000000000e+01 2.500000000000000000e+01 2.600000000000000000e+01 2.700000000000000000e+01 2.800000000000000000e+01 2.900000000000000000e+01 3.000000000000000000e+01 3.100000000000000000e+01 3.200000000000000000e+01 3.300000000000000000e+01 3.400000000000000000e+01 3.500000000000000000e+01 3.600000000000000000e+01 3.700000000000000000e+01 3.800000000000000000e+01 3.900000000000000000e+01 4.000000000000000000e+01 4.100000000000000000e+01 4.200000000000000000e+01 4.300000000000000000e+01 4.400000000000000000e+01 4.500000000000000000e+01 4.600000000000000000e+01 4.700000000000000000e+01 4.800000000000000000e+01 4.900000000000000000e+01 5.000000000000000000e+01 5.100000000000000000e+01 5.200000000000000000e+01 5.300000000000000000e+01 5.400000000000000000e+01 5.500000000000000000e+01 5.600000000000000000e+01 5.700000000000000000e+01 5.800000000000000000e+01 5.900000000000000000e+01 6.000000000000000000e+01 6.100000000000000000e+01 6.200000000000000000e+01 6.300000000000000000e+01 6.400000000000000000e+01 6.500000000000000000e+01 6.600000000000000000e+01 6.700000000000000000e+01 6.800000000000000000e+01 6.900000000000000000e+01 7.000000000000000000e+01 7.100000000000000000e+01 7.200000000000000000e+01 7.300000000000000000e+01 7.400000000000000000e+01 7.500000000000000000e+01 7.600000000000000000e+01 7.700000000000000000e+01 7.800000000000000000e+01 7.900000000000000000e+01 8.000000000000000000e+01 8.100000000000000000e+01 8.200000000000000000e+01 8.300000000000000000e+01 8.400000000000000000e+01 8.500000000000000000e+01 8.600000000000000000e+01 8.700000000000000000e+01 8.800000000000000000e+01 8.900000000000000000e+01 9.000000000000000000e+01 9.100000000000000000e+01 9.200000000000000000e+01 9.300000000000000000e+01 9.400000000000000000e+01 9.500000000000000000e+01 9.600000000000000000e+01 9.700000000000000000e+01 9.800000000000000000e+01 9.900000000000000000e+01 1.000000000000000000e+02 1.010000000000000000e+02 1.020000000000000000e+02 1.030000000000000000e+02 1.040000000000000000e+02 1.050000000000000000e+02 1.060000000000000000e+02 1.070000000000000000e+02 1.080000000000000000e+02 1.090000000000000000e+02 1.100000000000000000e+02 1.110000000000000000e+02 1.120000000000000000e+02 1.130000000000000000e+02 1.140000000000000000e+02 1.150000000000000000e+02 1.160000000000000000e+02 1.170000000000000000e+02 1.180000000000000000e+02 1.190000000000000000e+02 1.200000000000000000e+02 1.210000000000000000e+02 1.220000000000000000e+02 1.230000000000000000e+02 1.240000000000000000e+02 1.250000000000000000e+02 1.260000000000000000e+02 1.270000000000000000e+02 1.280000000000000000e+02 1.290000000000000000e+02 1.300000000000000000e+02 1.310000000000000000e+02 1.320000000000000000e+02 1.330000000000000000e+02 1.340000000000000000e+02 1.350000000000000000e+02 1.360000000000000000e+02 1.370000000000000000e+02 1.380000000000000000e+02 1.390000000000000000e+02 1.400000000000000000e+02 1.410000000000000000e+02 1.420000000000000000e+02 1.430000000000000000e+02 1.440000000000000000e+02 1.450000000000000000e+02 1.460000000000000000e+02 1.470000000000000000e+02 1.480000000000000000e+02 1.490000000000000000e+02 1.500000000000000000e+02 1.510000000000000000e+02 1.520000000000000000e+02 1.530000000000000000e+02 1.540000000000000000e+02 1.550000000000000000e+02 1.560000000000000000e+02 1.570000000000000000e+02 1.580000000000000000e+02 1.590000000000000000e+02 1.600000000000000000e+02 1.610000000000000000e+02 1.620000000000000000e+02 1.630000000000000000e+02 1.640000000000000000e+02 1.650000000000000000e+02 1.660000000000000000e+02 1.670000000000000000e+02 1.680000000000000000e+02 1.690000000000000000e+02 1.700000000000000000e+02 1.710000000000000000e+02 1.720000000000000000e+02 1.730000000000000000e+02 1.740000000000000000e+02 1.750000000000000000e+02 1.760000000000000000e+02 1.770000000000000000e+02 1.780000000000000000e+02 1.790000000000000000e+02 1.800000000000000000e+02 1.810000000000000000e+02 1.820000000000000000e+02 1.830000000000000000e+02 1.840000000000000000e+02 1.850000000000000000e+02 1.860000000000000000e+02 1.870000000000000000e+02 1.880000000000000000e+02 1.890000000000000000e+02 1.900000000000000000e+02 1.910000000000000000e+02 1.920000000000000000e+02 1.930000000000000000e+02 1.940000000000000000e+02 1.950000000000000000e+02 1.960000000000000000e+02 1.970000000000000000e+02 1.980000000000000000e+02 1.990000000000000000e+02 2.000000000000000000e+02 2.010000000000000000e+02 2.020000000000000000e+02 2.030000000000000000e+02 2.040000000000000000e+02 2.050000000000000000e+02 2.060000000000000000e+02 2.070000000000000000e+02 2.080000000000000000e+02 2.090000000000000000e+02 2.100000000000000000e+02 2.110000000000000000e+02 2.120000000000000000e+02 2.130000000000000000e+02 2.140000000000000000e+02 2.150000000000000000e+02 2.160000000000000000e+02 2.170000000000000000e+02 2.180000000000000000e+02 2.190000000000000000e+02 2.200000000000000000e+02 2.210000000000000000e+02 2.220000000000000000e+02 2.230000000000000000e+02 2.240000000000000000e+02
4.444444444444444614e-02 4.444444444444444614e-02 4.444444444444444614e-02 4.444444444444444614e-02 4.444444444444444614e-02 4.444444444444444614e-02 4.444444444444444614e-02 4.444444444444444614e-02 4.444444444444444614e-02 4.444444444444444614e-02 4.444444444444444614e-02 4.444444444444444614e-02 4.444444444444444614e-02 4.444444444444444614e-02 4.444444444444444614e-02 4.444444444444444614e-02 4.444444444444444614e-02 4.444444444444444614e-02 4.444444444444444614e-02 4.444444444444444614e-02 4.444444444444444614e-02 4.444444444444444614e-02 4.444444444444444614e-02 4.444444444444444614e-02 4.444444444444444614e-02 4.444444444444444614e-02 4.444444444444444614e-02 4.444444444444444614e-02 4.444444444444444614e-02 4.444444444444444614e-02 4.444444444444444614e-02 4.444444444444444614e-02 4.444444444444444614e-02 4.444444444444444614e-02 4.444444444444444614e-02 4.444444444444444614e-02 4.444444444444444614e-02 4.444444444444444614e-02 4.444444444444444614e-02 4.444444444444444614e-02 4.444444444444444614e-02 4.444444444444444614e-02 4.444444444444444614e-02 4.444444444444444614e-02 4.444444444444444614e-02 4.444444444444444614e-02 4.444444444444444614e-02 4.444444444444444614e-02 4.444444444444444614e-02 4.444444444444444614e-02 4.444444444444444614e-02 4.444444444444444614e-02 4.444444444444444614e-02 4.444444444444444614e-02 4.444444444444444614e-02 4.444444444444444614e-02 4.444444444444444614e-02 4.444444444444444614e-02 4.444444444444444614e-02 4.444444444444444614e-02 4.444444444444444614e-02 4.444444444444444614e-02 4.444444444444444614e-02 4.444444444444444614e-02 4.444444444444444614e-02 4.444444444444444614e-02 4.444444444444444614e-02 4.444444444444444614e-02 4.444444444444444614e-02 4.444444444444444614e-02 4.444444444444444614e-02 4.444444444444444614e-02 4.444444444444444614e-02 4.444444444444444614e-02 4.444444444444444614e-02 4.444444444444444614e-02 4.444444444444444614e-02 4.444444444444444614e-02 4.444444444444444614e-02 4.444444444444444614e-02 4.444444444444444614e-02 4.444444444444444614e-02 4.444444444444444614e-02 4.444444444444444614e-02 4.444444444444444614e-02 4.444444444444444614e-02 4.444444444444444614e-02 4.444444444444444614e-02 4.444444444444444614e-02 4.444444444444444614e-02 4.444444444444444614e-02 4.444444444444444614e-02 4.444444444444444614e-02 4.444444444444444614e-02 4.444444444444444614e-02 4.444444444444444614e-02 4.444444444444444614e-02 4.444444444444444614e-02 4.444444444444444614e-02 4.444444444444444614e-02 4.444444444444444614e-02 4.444444444444444614e-02 4.444444444444444614e-02 4.444444444444444614e-02 4.444444444444444614e-02 4.444444444444444614e-02 4.444444444444444614e-02 4.444444444444444614e-02 4.444444444444444614e-02 4.444444444444444614e-02 4.444444444444444614e-02 4.444444444444444614e-02 4.444444444444444614e-02 4.444444444444444614e-02 4.444444444444444614e-02 4.444444444444444614e-02 4.444444444444444614e-02 4.444444444444444614e-02 4.444444444444444614e-02 4.444444444444444614e-02 4.444444444444444614e-02 4.444444444444444614e-02 4.444444444444444614e-02 4.444444444444444614e-02 4.444444444444444614e-02 4.444444444444444614e-02 4.444444444444444614e-02 4.444444444444444614e-02 4.444444444444444614e-02 4.444444444444444614e-02 4.444444444444444614e-02 4.444444444444444614e-02 4.444444444444444614e-02 4.444444444444444614e-02 4.444444444444444614e-02 4.444444444444444614e-02 4.444444444444444614e-02 4.444444444444444614e-02 4.444444444444444614e-02 4.444444444444444614e-02 4.444444444444444614e-02 4.444444444444444614e-02 4.444444444444444614e-02 4.444444444444444614e-02 4.444444444444444614e-02 4.444444444444444614e-02 4.444444444444444614e-02 4.444444444444444614e-02 4.444444444444444614e-02 4.444444444444444614e-02 4.444444444444444614e-02 4.444444444444444614e-02 4.444444444444444614e-02 4.444444444444444614e-02 4.444444444444444614e-02 4.444444444444444614e-02 4.444444444444444614e-02 4.444444444444444614e-02 4.444444444444444614e-02 4.444444444444444614e-02 4.444444444444444614e-02 4.444444444444444614e-02 4.444444444444444614e-02 4.444444444444444614e-02 4.444444444444444614e-02 4.444444444444444614e-02 4.444444444444444614e-02 4.444444444444444614e-02 4.444444444444444614e-02 4.444444444444444614e-02 4.444444444444444614e-02 4.444444444444444614e-02 4.444444444444444614e-02 4.444444444444444614e-02 4.444444444444444614e-02 4.444444444444444614e-02 4.444444444444444614e-02 4.444444444444444614e-02 4.444444444444444614e-02 4.444444444444444614e-02 4.444444444444444614e-02 4.444444444444444614e-02 4.444444444444444614e-02 4.444444444444444614e-02 4.444444444444444614e-02 4.444444444444444614e-02 4.444444444444444614e-02 4.444444444444444614e-02 4.444444444444444614e-02 4.444444444444444614e-02 4.444444444444444614e-02 4.444444444444444614e-02 4.444444444444444614e-02 4.444444444444444614e-02 4.444444444444444614e-02 4.444444444444444614e-02 4.444444444444444614e-02 4.444444444444444614e-02 4.444444444444444614e-02 4.444444444444444614e-02 4.444444444444444614e-02 4.444444444444444614e-02 4.444444444444444614e-02 4.444444444444444614e-02 4.444444444444444614e-02 4.444444444444444614e-02 4.444444444444444614e-02 4.444444444444444614e-02 4.444444444444444614e-02 4.444444444444444614e-02 4.444444444444444614e-02 4.444444444444444614e-02 4.444444444444444614e-02 4.444444444444444614e-02 4.444444444444444614e-02 4.444444444444444614e-02 4.444444444444444614e-02 4.444444444444444614e-02 4.444444444444444614e-02 4.444444444444444614e-02 4.444444444444444614e-02 4.444444444444444614e-02 4.444444444444444614e-02 4.444444444444444614e-02 4.444444444444444614e-02
-1.978610645267200763e+00 1.910291208894643988e+00 -8.942182373535741968e-01 -2.340246962948065779e+00 1.230128776296886439e+00 1.043721710985396234e+00 9.292378034879057447e-01 2.771816981364910726e-01 1.581157442249824463e+00 1.051089328536391587e+00 5.974035492496699851e-01 -2.148917319114979352e-01 3.184898108073359602e-01 -7.863090518067289425e-01 4.566542184354035472e-01 -3.025156241138252655e-01 1.204961224897349137e+00 1.474552125109452438e+00 -9.928981338510169952e-01 2.397458469528026992e+00 -6.854851229284721903e-01 -1.023715614667981416e-01 -8.541551637818902698e-01 1.388221366949457192e+00 7.877118239159435209e-01 2.505522687519764480e-01 -3.193507303169567102e-01 -1.137322968505020959e-01 9.164622325180063478e-02 1.479274699572007634e+00 -9.928172671877343314e-01 -6.370917027526186438e-03 -6.106119059947420213e-01 -9.855640399674212571e-01 -1.572100163126614492e+00 9.212214831546997607e-01 -9.076082595752448245e-01 -1.352941795371712441e+00 -3.280784207333914404e-01 1.789527734521261515e-01 -2.850863654579341433e-01 1.164397023640817208e+00 1.462717886503344999e+00 -3.946321571503751957e-01 3.462834417491439609e+00 -1.524208915956058383e-02 5.571748960876758971e-01 -6.872462664082593653e-01 7.350291647828823827e-01 1.845764554530527068e-01 -1.722363040732560191e-01 1.518517330831720358e+00 1.423051979606339223e+00 -5.647918756990134570e-01 6.308401775797525257e-01 -1.693386194445668444e-02 3.087693714749258245e+00 -8.932298105076293959e-01 -1.545585946561603141e-01 -2.044079990816808495e-02 5.359908510800877046e-01 7.812049041477604483e-01 -1.353324272910833681e+00 5.238120544256862354e-01 -2.202069418604281348e-01 -9.525148369548400162e-02 -1.225666166418354575e+00 -5.680730841965291322e-01 2.835974105595449046e+00 -5.259169174784656953e-01 -4.394326205708531385e-01 5.675570207574303083e-01 -8.181918457068119988e-02 6.068015952735847929e-01 -4.748220830155464034e-01 -1.088838411059075417e+00 -9.521926021674163021e-01 5.681128319431426599e-01 -4.253060673385464785e-01 -4.592172453665759324e-01 1.596786052549650503e-01 1.783451850065276290e+00 2.131301160530709282e+00 4.281648640529062133e-01 -4.430622341393010699e-01 -7.983517011471872316e-01 1.940213127573743868e-01 -5.941869894191202928e-01 -2.802530797900569803e-01 -1.388333934977082462e+00 1.409730085900238183e+00 2.720779421165620549e-01 -1.293387175923990773e+00 -7.554370826325524924e-01 -5.580937615205163738e-01 5.709745671747201712e-01 -6.593943015757215420e-01 -3.336892540732679102e-02 7.988258650506713243e-01 1.124599471906305992e-01 1.528250547299116746e-01 -5.964510017947546316e-01 -9.398762634334670296e-02 -1.529922613109004348e-01 -3.526637409817460878e+00 7.250352894963545403e-01 -8.968621031147636646e-01 4.970595014133258882e-01 -8.455209329433048815e-01 2.880687894124221993e-01 -1.667630908681985380e+00 -1.825159253001878978e-01 -8.846947156661653100e-01 -1.028725532853357549e+00 -6.354044668042886368e-01 1.482837310626556326e-01 -2.251049394029362716e-02 7.222903349921867555e-01 -3.541479183720245838e-01 -1.040256834263764002e-01 2.556078955881756487e-01 1.288872720054723198e+00 -6.592858338858568201e-01 -1.280436488842179754e+00 -4.444744767041110545e-01 1.126114686777553331e+00 -1.401801708276450453e+00 -4.275998879494974370e-01 -4.327736717711030967e-02 8.284223386818979629e-01 1.447019784798201814e+00 6.616210196472830374e-01 9.249047479278523776e-01 4.258043945070365544e-01 -8.712715937653751075e-01 1.213135707098099925e+00 -3.294448236167696553e+00 2.511013668937076004e-01 1.212188962357018340e+00 -2.304657784344663063e-01 -8.530719930708247078e-01 -8.826128081050063079e-01 -4.491158232860496119e-02 5.549376453037191403e-01 2.240129775367348586e+00 -1.830160572836191102e-01 1.141245522497506215e+00 -3.541924987577389494e-01 -5.422715943176065201e-01 1.070520733797977603e-01 7.323396840515355999e-01 -7.939326306153716706e-01 -1.512049765014709113e-01 1.876771546138529700e+00 4.987925981021803512e-01 -4.165567900358307929e-01 -6.385886480938954834e-01 -3.084421044148327185e-01 -1.845947482675781126e+00 -7.210955593898701332e-01 -1.174754621661503018e+00 -1.502303938697308050e+00 9.148302961669461941e-02 -2.928624525354159291e-01 2.849492311939142430e-01 -1.331155180414756445e-01 -3.734149076776320242e-01 -1.187654560743681920e+00 -1.428674356424383118e+00 2.864032275112074477e-01 8.282958580783527092e-01 2.490226912232653966e-01 2.831326623266296541e-02 -3.312498699457251949e-01 -1.695740151718462818e-01 7.035104132901995322e-02 -4.919016326328439215e-01 1.965663777218342456e-01 3.147892899102097353e+00 1.454260405663173605e+00 1.587127001532488146e-01 2.052682894449873618e+00 1.757094833265834821e-01 -1.784964699188039683e-01 3.347750757048406633e-01 -2.449345638640636036e+00 2.183249627820130767e-01 3.311725096610822899e-02 3.715065917624871816e-01 -1.838356293299973299e+00 -1.524834404388943354e-01 6.790512124286875173e-02 3.010773432610590050e-01 -2.276117449015015448e-01 -2.676518167210459875e-01 -7.371973645551509469e-01 -3.278492376692215826e-01 1.444124035835154252e-01 2.118537574870719975e-01 6.425206758914140392e-01 -4.070549886591791067e-01 -6.206246696895780790e-01 -5.534375319388912251e-01 4.562594036652489055e-02 2.639194718913521198e-01 -3.273322179190336634e-01 -5.629218100890671650e-01 -6.510058045678346339e-02 1.590524297360642880e-01 -1.815277011044592603e-01 -1.369477809219105779e+00 3.213005831831577397e-01 -9.156599935678882973e-01 -4.186089984540842246e-01 4.096753876175309728e-01 -6.112385458614643524e-02 3.581178361328554161e-01 1.237391872081564204e+00 4.890449220408755182e-01 9.904418021065980460e-02 -5.486892074215828918e-01 -7.648484653947918988e-01 -4.446485856797239844e-01 2.337153075122956336e-01 -4.014550410390532176e-01
-6.775187147236374496e-01 -3.636456570763257207e-02 2.528165025076721251e-01 2.075140692690359057e+00 8.186354558486113042e-01 -7.515590988964497843e-01 -1.121475096466895804e+00 -2.652245754982129888e-02 -5.238572177621834136e-01 -4.074582335853584869e-01 -8.781056009589829348e-01 -4.425643920098875084e-01 -1.874128639163058496e-01 -3.330960744614417823e+00 3.035392236393538029e-02 -4.796995889015367304e-02 -3.638428300427344331e-01 -1.774214544209797406e+00 3.337689136849870675e-01 -1.007031206267469559e+00 -3.521312425179313199e-01 -4.685473742371952799e-01 9.470821072830725162e-01 -1.771315814947346912e+00 6.660700375176919152e+00 2.489795909302104926e-01 4.667082728818805482e-01 4.803119072362509456e-01 1.026630511147972324e+00 1.944661417466153841e+00 -1.412594937825630281e-01 3.701726977464316337e-01 -2.157936816816518888e-01 1.529565348398133628e-01 2.783496769889954869e-01 -3.966193423180309763e-01 6.367485248691405753e-01 5.150207518600435908e-01 -3.253969684082217984e-01 1.284060581974804938e-01 -2.771394044489966513e-01 -2.238484277592272420e+00 1.120170862597217765e+00 -3.412527035131666109e-01 -3.474048307815762460e-01 -6.270669188139420536e-01 5.181928273293903153e-01 2.986140404173073248e-01 -5.289415730574517083e-01 -1.085327086743127056e+00 -1.086195130660490005e-01 -2.624113980088870868e+00 1.394177982153998352e+00 -3.215862109951433401e-01 -7.220513548819773586e-01 -4.608972891335547106e-01 -1.559529940567018491e-01 -8.902186241185424675e-01 1.295432619934814567e-01 -2.372005850445076391e-01 5.725035643893683357e-02 -1.508527183393671089e+00 -1.899040123323781915e+00 4.299833155531987749e+00 5.679491243323614436e-01 3.962639569975825893e+00 2.250966453970399073e+00 2.096569850713720651e-01 -8.935060426391792099e-01 1.783204563184365432e-01 1.309608998929864043e+00 -3.855820031456242414e-01 -3.156090589992079920e-01 -2.972680935153930171e-01 -1.177908181702137957e+00 -1.475041190697253146e+00 8.540969871023706972e-01 -8.001139071523525326e-01 -1.411256416386667545e-01 2.203296557392451227e-01 -8.327343014928952902e-01 6.045013335932718501e-01 -1.886070180026998971e-02 1.984305573008307011e+00 -2.063340278494706082e-02 4.153470293668058977e-01 2.304714766006364310e-02 -4.544111801905611342e-03 -6.084947059446761397e-01 2.480421900891364384e+00 -3.576584803628074516e-01 -5.272535920019969513e-01 -1.670131461609325685e+00 4.418481231916116525e-01 -1.063711919848445264e+00 -1.146965295998090065e-02 3.504582854770881273e-01 -8.369658670864744687e-01 5.592701696176469728e-01 1.018298937733549625e+00 1.868030658525097198e-01 -1.908886358077955814e+00 1.317877384138409491e-01 1.336600307053134484e+00 -2.894625705429928697e+00 1.184278383084434561e+00 4.597032594149995099e-01 -7.342896453179350580e-01 -2.092162016520494328e-01 1.971376149342346507e+00 1.514557921593893963e-01 1.498574892522563484e+00 -5.250942589802352067e-01 -2.872427237158926144e-02 4.655997596999693067e-01 -9.153799481605817689e-01 -4.693522485906681529e-01 1.144065123829878905e+00 -7.398601769550646745e-01 -5.778173319064027619e-02 -4.760786820108931505e-01 1.430015273829420952e+00 -1.008695584147801361e+00 -3.859156624627004817e-01 -9.584557117352754396e-02 -3.277334081607046201e-01 -1.213573942548906270e+00 -4.066155414001402790e-01 4.555278897455996567e-01 3.343011771087736617e-01 -1.928814541356164813e+00 1.245356356142660464e-01 1.290455726576660578e-01 -1.735427258346316615e+00 -8.458718140693997078e-01 6.541818882124453838e-01 4.636240516511038745e-01 -4.141373774361492011e-01 1.317172004724627588e+00 -7.805505517871458299e-01 8.209045791937269465e-01 1.866583735738376326e-01 -1.838998510859367885e-01 6.174366404617368520e-01 -7.632189653526325612e-01 -2.906861000551660412e-01 -1.679373013541632709e+00 1.330320704008409960e+00 -1.917621152193806633e-01 -2.433239325709152912e+00 1.433871381574873816e+00 -6.585676233627483223e-01 -1.473391614972201398e-02 -1.439974273405527416e+00 -2.332380152673943219e-01 -2.103554493320454188e-01 -9.833729171399646640e-01 1.492683389033461872e+00 4.592551638234279587e-01 -6.114878515767563805e+00 -1.539450497633634729e+00 1.509108011574946451e+00 3.784613313652260835e-01 5.157549271978280336e-02 8.752988482212374910e-01 4.356357300836877222e-01 -3.947094344312415681e-01 -2.764793968624639220e-01 -2.444596473988792651e-01 -1.351862629875051125e+00 2.349917198509502425e-01 -9.223823822962173846e-01 -1.424320109888308206e-01 -2.958704591788223204e-01 4.935705838200850071e-01 -5.361765805199822932e-01 2.790141985902819255e-01 -1.364481350469808896e-01 2.413911139913300197e+00 3.611572783521425634e-01 -8.600286698835809540e-01 -1.246204837587150838e+00 3.726590467763193359e-01 8.398443142643019499e-02 1.301378291166807921e+00 -1.625405478128491010e+00 -1.982157042128722402e-02 -7.278313553627477894e-01 -1.659803928547656682e+00 -1.399431536344668103e+00 -4.643064686769951543e-01 -6.658501405676416907e-01 -5.017437963663369527e-02 -2.220127588565376231e-01 2.131615077183734441e-01 -3.887528551108960229e-01 -1.134723160569458322e+00 -2.421722294706288858e-01 -1.424962624221209229e+00 1.650071631871113054e+00 7.036853393111169863e-01 3.007226889317677343e-01 7.165219707238906777e-01 -3.870750208981474039e+00 -3.555815633012707755e-01 -5.047238736719730223e-01 2.347251666856983165e-01 -2.509934856110465629e-03 -9.042707609667027802e-02 -5.087266922213365961e-01 -1.102130044926986352e-01 -1.003482651805226999e-01 -6.865906621036557134e-01 2.858482317548717844e-01 9.988840253705224548e-01 2.619874588087852674e-01 -1.313154675665639537e-01 2.407433081309182210e+00 -3.407146896298866856e-02 -3.630602726352352705e-01 -7.017934948007823470e-01 -1.160570567167736433e+00 -1.345986358452723637e-02 6.299202489455126841e-01 -1.217582895483351468e-01
-9.991883079306246307e-01 -1.127638890409556893e+00 -8.504040069356179066e-01 1.099610297787009694e+00 4.727914570800483274e-01 1.594571505232186936e+00 -6.298858209637728245e-02 1.030919590103752448e+00 1.854510246393282547e+00 -1.598394292919496751e+00 3.541828815578443312e-01 -9.281227641216448498e-01 -9.878866982658724982e-01 1.522891183645924462e+00 -2.218240335007416464e-01 -9.602131629146773428e-02 3.356229483102556865e-01 2.217920897724363904e-01 -1.803323094564514228e+00 -6.078654082693928373e-01 -4.707784599424765792e-01 -2.252647583649292073e-01 2.426239345433821044e-03 -1.654241909061179516e+00 -8.964297017234307274e-01 7.139540506777516948e-02 -1.612379082299057742e-01 3.793448908532690012e-01 -9.845594019087680060e-01 -2.627844431027799299e-01 6.367250100150865233e-01 -1.020069256340588176e-01 -3.529673448953177251e-01 5.712988963392697794e-01 3.320300172266165362e+00 -5.396585120322996421e-01 -5.482774248227548219e-02 -7.995226604952663241e-01 6.728658856299760127e-02 -2.738617978730387037e+00 7.798141692672888592e-02 8.728738232259646290e-01 3.223307402632793028e+00 -3.839179412011089476e-01 -1.611819859861906457e+00 -6.412931900488902937e-01 -4.256723928622109243e-01 -5.717084267513665718e-01 5.903525240792255602e-01 2.149296979079884817e+00 2.166710146323169717e-01 1.402564912961009602e-01 1.563842593657520430e+00 4.779434640582881366e-01 -1.246303163447199047e+00 -4.767744466200648512e-01 -3.883817819249990144e+00 -1.498050119940862457e+00 -4.527416491613927008e-01 -7.181072854517616122e-01 -7.695867265023255410e-03 -2.719877170136059674e-01 1.895649999360243143e+00 -1.910648426584969473e+00 4.679637412018243792e-01 1.479052863678217200e+00 -2.092940373052820213e+00 4.854344251156058609e-01 3.484682966095395074e+00 8.121062431821947092e-01 -4.221338633862130041e-01 -6.448724781625462255e-01 -1.522165732524386250e+00 -3.676871088658086872e-01 -7.796790355232499081e-01 6.798597638329292314e-01 -3.635147684613952990e-01 -7.575962835814860352e-02 -2.056509895006139732e-01 1.281899737750993029e-01 -4.993790761065788342e-01 8.012423328538752498e-01 1.236850327553302487e+00 2.811510897810403087e-01 -2.435748261944191972e-01 -4.179735733172186829e-01 6.397936832738938817e-02 1.285372975174703669e-01 -2.223811814666233067e-01 2.205860728836273932e+00 2.527316823333229934e-01 -3.206384353945607169e-01 2.341908798997219820e-01 -1.384887637193503163e-01 1.445103138781662855e+00 6.550007269585841896e-02 5.107483360732310018e-01 -5.507630624552573018e-01 6.054998863392812014e-01 9.701334991668376651e-01 -9.060929698989739212e-02 -6.907417875127661588e-01 1.003300194670854600e-01 -1.457445492832867062e+00 1.151254263137668099e+00 4.254396562145241756e-01 9.562443491887478997e-02 2.972318110658807022e-01 -1.803688162710435222e-02 9.590560432007966263e-01 1.675425262842654472e+00 -8.873041934139020981e-01 -2.781951529570348969e-01 1.782311584023726247e+00 -3.963838075050524212e-02 -5.530994920927115865e-01 3.373233159837654149e-01 4.335819901420285838e+00 8.400138292446952537e-01 -1.774177717731112436e-01 -3.129751624613172911e-01 1.387203528752746218e+00 1.231975306432655071e+00 2.266153126717389554e+00 -2.743574670258726922e+00 -1.648313678369428825e-01 -1.875625003410439084e-01 4.470044640239951295e-01 3.296072252786916845e-01 1.501416761796845245e+00 -8.867856132286092707e-01 -1.264822483924979091e+00 -3.762437400840152879e-01 -2.095500679570642788e+00 -8.212318709346974055e-01 -1.010342697616873453e+00 1.027190634631082622e+00 -4.287363783938759609e-01 -5.583025855067995646e-01 4.597628749907997636e-02 -2.887055509354313210e-01 7.450340509767577890e-01 5.580833866450248815e-01 2.427991638506303396e+00 1.626919557411713901e+00 3.288631676608978482e-01 -2.463468574121635779e+00 -1.003798350433678488e+00 1.684948160450523702e-01 -3.339804569941446033e+00 -6.943362286695463625e-01 1.666682295236264100e+00 1.992342343223504342e-01 -1.231827820732123824e+00 4.851395477834309911e-01 -6.670201702761379137e-01 -1.999889556480200226e-01 2.603899936102385126e+00 -1.055327440743490719e+00 4.319640268245019676e-01 -4.392201336077444784e-02 -1.671923221462857656e+00 6.458642871803962349e-01 -2.532381064798779891e-01 2.023113630983781053e-01 2.490760514798038561e-01 -1.427412002580615291e-01 -2.073941766738172543e+00 -6.369953279472556629e-02 1.395562825942550544e+00 4.367220313747391391e-01 1.453390731831764482e+00 -2.261307037785057483e-01 1.413317245201025918e-01 3.668527297798525044e-01 4.725520696153361344e-01 -2.903203564252333502e-01 -2.312508626589924177e-01 -2.266980238258002878e+00 -1.108305628303832391e+00 -1.417140474286243124e-01 2.949919484213295306e-01 -8.575637656265606978e-02 5.698277735961050361e-01 5.732033295628883307e-01 2.847075709900294127e-01 -5.493765981412354060e-01 1.292798293760382355e+00 -1.182998641346451940e+00 1.054022280439090631e+00 7.407701446688851055e-02 1.290089267359366909e+00 -1.358189659286351159e+00 -2.264507165883230533e-01 -1.137431556871807137e-01 -9.562041166276820103e-01 3.457008219495289469e-01 1.314479327068913406e-01 -9.496163440307072712e-01 2.628364712166714745e-01 -2.779359311089260487e+00 1.373349149146793902e-01 2.917604341625822384e-01 3.035364330929787302e-01 -2.651083589058007561e-01 4.016244491633972902e-01 -1.197342276624102364e-01 4.514873364648708809e-01 -4.568789296496702373e-02 2.719080125331908571e-01 -3.926042785948119507e-01 9.434026402148285584e-01 5.975763294297425920e-01 1.889634243727912055e-01 -4.670156031806758090e-01 6.207551113071403392e-01 6.960905470121692140e-01 -3.196740834584240076e+00 1.040671806099684904e+00 5.244968384174810705e-01 1.220857196717811899e+00 1.402894342511100678e-01 5.547525433434259169e-03 5.451748513333389834e-01 1.036943384352316117e-01
1.508214134704000398e-01 -1.092040105502333880e+00 7.758808521935867120e-01 -4.663313716475329107e-01 -4.606555374149174376e-01 1.212934312938043657e+00 3.681325121862278893e-01 -2.439947941741466703e-02 8.762072291165122762e-01 -4.686169638451698205e-01 3.740464501333752301e-01 1.697636436830413542e+00 1.220502331162803378e+00 -3.228560130018853086e-02 -1.160887371429232484e+00 1.899933886756208556e+00 7.546636812676734696e-01 -1.185724523974752254e+00 3.564110667891308704e-01 -3.550402246001803652e-01 -9.495014084855464276e-01 1.631158957698695122e+00 2.305197159856916311e+00 1.841992774548531497e-01 1.772099021957784348e+00 2.802685782221919109e+00 -3.748884014078830984e-01 -1.386831501672685985e+00 1.370601323084666756e+00 -7.091367116738442888e-01 4.174553959481003274e-01 -1.477688602518181682e+00 -6.122000544751348139e-01 -2.038328201584975741e+00 1.063027020845574988e+00 -1.492545156920742411e+00 3.967124019663164081e-01 -8.246505910239554371e-01 -2.225201752549279544e+00 -2.893722292509652849e-01 -2.471504800768394183e+00 3.465427413984007443e-01 -2.929802424372817127e-01 -1.774704078113615413e+00 1.277869586926830170e+00 -1.168255054582580943e+00 7.489307529677180497e-01 1.517087351202049961e+00 -1.138388818989148898e+00 -9.067832955409651507e-01 1.306281438325509248e+00 6.578495277564960775e-01 1.403891429984463368e+00 1.968451656801039062e-01 3.310877913128932870e-01 -8.282069676287214799e-01 -8.090818820772080477e-02 8.051162703630734274e-01 -7.755780284405421332e-01 -2.314264715160535779e+00 1.015096145997664429e-01 1.955021011835720024e-01 -4.808881098962274336e-01 -1.099178850719710665e+00 -7.459844711262489936e-01 -1.297128713402407041e-01 -5.097565508889577712e-01 -1.116690133187726142e+00 2.310887336113908841e+00 7.726111538700284331e-01 1.319839653089740938e+00 3.229729029543695895e-02 -6.641398378055616281e-01 8.105741784980849962e-01 2.121961305272725973e+00 -1.605216242242983204e+00 -1.832196057901581021e+00 -6.499103819621186995e-01 -5.418145257881475108e-02 1.127296856855913409e+00 -1.306016752029304229e+00 1.119253121076000390e+00 2.187816511891736315e+00 -9.256313183049526272e-02 3.874100936326707600e-01 -1.412024219982271900e+00 -2.225710741629654876e+00 1.215548186049063117e+00 4.819725348281043154e-01 -1.050665515383349957e+00 4.390795105669852982e-01 1.705233773428076915e+00 6.278804601505916239e-01 5.745139794761018326e-01 2.069236450219000822e-01 -8.714584784169073783e-01 3.147606248035590415e-01 4.443241178295267990e-01 -1.047168067658925672e+00 -2.151435371745618330e-01 6.241234945099641829e-01 -1.899643940064945413e+00 2.625695959363532506e+00 -7.152278628976846964e-01 -1.157203899399101621e+00 -1.739231424850168350e-01 -2.267814341971045033e-01 -6.510438638613780249e-01 -3.165460196859826714e-01 1.276196164608182304e+00 1.182779745796477683e-01 4.981532055053554398e-02 -1.116559063187978484e+00 1.147319184714568951e+00 1.103358141899701383e+00 1.503451465731807435e+00 -3.725566579554164814e-01 2.846858441983887711e-01 5.497973270988518735e-01 -3.639804223479671808e-01 1.054501077570303202e+00 2.534739013075187342e-01 2.210808516498322662e-01 -1.378645189838939800e+00 -2.438094566169428934e-01 6.772868532577802636e-01 -6.488522515732522145e-01 9.091131838208851290e-01 9.265944933240679582e-01 2.242259313057446690e-01 -1.526598194523511309e-01 -3.124227880726025974e-01 -4.980913008800718078e-01 -1.332521058855930418e+00 -2.558556842883648930e+00 -6.187066212104924690e-01 -7.779992451812417498e-01 2.334331466142706812e+00 -6.246472585069745564e-01 -1.147841937818804059e+00 2.282242610181278941e+00 -1.711674939132694195e+00 6.827732527061042278e-01 -5.250915773524664765e-01 -3.775085650631515022e-01 3.697593863956017413e-01 -4.885796445739986615e-01 -1.432743169655301907e+00 5.218228240006861363e-01 -1.203764134438310429e-01 4.814318195222803687e-01 1.175994473404874618e+00 6.399521618248439347e-01 1.221728398293282947e+00 -4.096173894245055402e-01 -1.907937571068741844e+00 -4.752349823605307999e-01 -2.266160986436543401e-01 -1.315852716217308593e+00 3.597801496797189968e-01 1.937427788113297300e-01 -7.553262467069700170e-01 -7.552466980241393513e-01 -8.298342852891356092e-01 -8.302846853093123758e-02 -2.200129283612931363e+00 7.592783402634648571e-01 1.060620587048568986e+00 -1.622248924062076769e+00 -1.163645394493850960e+00 -1.425871334915965294e+00 1.502937395295527445e-01 8.010615226524229193e-01 -2.366936204119349796e+00 -1.975910764163617994e+00 3.403106560736807173e-01 -5.831141067530449806e-01 -1.536148034906783977e+00 6.302720155065609786e-01 -2.639732875612145757e-01 2.031095290344326454e+00 8.325794509284777378e-01 -1.608379699333923885e+00 -1.392944240782173493e+00 -1.425952640542701155e-01 -1.149263451687384086e+00 2.510686221682433689e-02 -1.771709181451866622e+00 -5.284560375093455553e-01 -6.367848512677235506e-01 4.613593676653897080e-01 6.692824831627827153e-01 2.519812550682425378e+00 5.343995349025556507e-01 -2.128672943082828617e+00 1.352176308603407762e+00 2.394353072604541721e-01 1.251849398401407409e+00 1.824378302389957796e+00 6.084126078785333513e-01 -2.542827283080072998e-01 -1.519572341538268478e+00 1.756117463085046793e-01 4.991413346460497613e-01 1.543137127698638034e-01 -3.529390114928323552e-01 2.375003493516544495e+00 2.247902799379641436e+00 -2.263089717324676398e-01 1.057519986233409925e+00 -1.269812849790238118e+00 6.139309794445009238e-01 -1.498524880409860094e+00 1.664409632819471740e+00 -3.700113365278835387e-01 -7.755548894484235456e-01 1.979790519342440769e+00 -2.720557722952825497e-01 -1.068715414869158414e-01 2.227897150252123204e+00 -1.178872520275317637e+00 -1.304630343869001008e+00 -4.359229786946965390e-01 -1.311143051214205713e+00 -2.635223153278212216e-01
-4.102525216319295454e-01 -3.136733760167823570e-01 1.665973583669612790e+00 1.778386870101756445e+00 -3.856957860091728696e-01 -5.751769279526625089e-02 -6.831873174077525146e-01 -2.010010725957898980e+00 5.990942378598652640e-01 7.661194858903863647e-01 -1.452430499354341320e+00 1.126645966614560290e+00 7.270516938285870312e-01 -1.628786789517876921e+00 -9.232163066036176424e-01 -6.289071807358057042e-02 -2.112174718279768104e+00 9.793235809666533953e-01 1.652525060391045963e+00 -9.241342310547359107e-01 -1.114431899970762307e+00 2.216085146930184990e+00 -6.532176153496785376e-03 -1.074325679601538130e+00 6.934798288009202061e+00 -7.166258503392847201e-01 1.272641391571351699e+00 2.895840238684268542e+00 1.297007736206047257e+00 2.204577686874034104e+00 1.961557794983994074e-01 6.892761179426588614e-01 2.649674015810257188e+00 1.493187349885615633e+00 3.202958475670035776e-01 1.433393804264386118e+00 6.988248895423053719e-01 6.540584606884656260e-01 -1.126467304056125496e+00 -3.554699740326654478e-01 -2.820011653029796950e-01 5.048892661425786743e-01 -3.703658180544358025e-01 6.083762214261144718e-01 5.729154120849713205e-01 -1.076859410583467014e+00 -6.822536178552601749e-01 -1.253582948138494135e+00 6.296644128835532372e-02 2.806792242234762980e-01 -2.154889202564894690e-01 -3.057652807126945080e-02 -7.942064635936486594e-01 9.043605707989942344e-01 6.807093297678785682e-01 3.431303125555030253e-01 -7.023206262952051970e-01 -1.597325171690062717e+00 -1.876581363423513338e+00 9.305436486055593259e-02 2.643042285000998692e+00 1.835691474272119761e-01 -1.528164142632070677e+00 2.792818482546622239e+00 -2.179609012097407650e+00 1.309238708702392007e+00 1.054794983514627749e+00 5.879200335678710226e-02 -2.214947571522451142e+00 1.332324172522558081e+00 2.655565878701835913e+00 1.949753217533334304e+00 1.412343044237718948e+00 -1.303135743593467399e+00 -5.749869185021599938e-01 1.427369740137270471e+00 -1.033235125669488275e+00 -9.670881720588594410e-01 2.394225508925273971e-01 1.478170419769995192e+00 -1.257436873804491650e+00 1.176545526993205248e+00 -1.334035586349146207e+00 1.512692184109768911e+00 1.334454991754856490e+00 -9.164872419561215233e-01 1.316563727264106420e+00 4.481459619391281457e-01 5.008622854727841356e-02 3.544127386173538397e-01 -1.034606317742287507e+00 5.992564058844207509e-01 -1.738699971058873250e-01 3.120325392140002041e-01 2.310053614279686585e+00 -2.283943145469827241e-01 1.027164559490227447e+00 -2.053031109256771458e+00 2.047294187043376734e+00 -7.086149429849882830e-01 2.558221677616886458e-01 5.134485063450746622e-01 9.853348787818790866e-01 -6.706235405290194018e-01 2.006210362435632555e-01 5.151309823149199385e-01 2.708833424770528353e+00 1.565305318026177783e-04 -6.542316576559639163e-01 -7.297830604664427012e-01 5.389472257953604739e-01 -2.373989976737181096e-01 -4.405407893555364773e-01 5.085966604743241692e-01 -9.945017042267567664e-01 1.897195855526732089e+00 -1.348204081699176937e+00 -3.617988675593129533e-01 9.264359783354774169e-01 2.106308741398084661e-01 -8.421548629199857583e-01 8.503492283361329118e-01 -2.126005851523692147e+00 -6.675109099108381683e-01 -1.177628136032851103e+00 1.994935460183955511e+00 -2.619140743100250024e-01 -6.663146129367775172e-01 -9.176618789422312517e-02 -2.002480207935685375e+00 -3.838300959833781389e-01 -1.592879567792016005e+00 1.142701120003075888e+00 -1.482896326223649863e+00 2.210930228296910105e-01 -8.635141684951995744e-01 -2.892906072916289206e-01 1.466881165596474468e-01 7.337361556504193305e-02 -1.882832437313006313e+00 -3.651874341798133083e-01 -6.063627228647692213e-01 -1.165483897743558650e+00 1.551444863969821952e+00 3.803397194081823973e-01 -4.837392446092685372e-01 8.337800264380129667e-01 -6.001808571850995033e-01 -2.011329117437113290e+00 -2.918211667828018996e+00 -1.578873555821147079e+00 5.237279366549517645e-01 -9.006533870663911978e-01 -2.716428385068875850e-01 8.977956886644082868e-01 -1.377820516476382373e+00 -5.485771156991512409e-01 2.445433286707131781e+00 2.487922794725792031e-01 -4.638486387746018735e+00 -6.603623427811837476e-03 -4.041438480406797651e-01 1.244322802223933433e+00 -2.679398537137950287e-02 2.766347532821095689e-01 1.133027655951184265e-01 -4.481403412519809337e-01 3.407411408307174372e-01 -4.233936061225735958e-01 -6.010841751440285652e-01 7.188741984851292344e-01 1.292024426849679442e-01 -1.957826347347261908e+00 7.837700404961122080e-01 1.936796452853156936e+00 -2.277093384241409169e+00 -2.400406095709849641e+00 2.193868534040443186e-01 4.524134296125728594e-01 -2.329563829962637000e-01 -1.052962483087443862e-01 1.674786091830451351e+00 -4.088558984215591441e-02 1.558741055590151969e+00 2.137972194419405003e+00 5.643566957605878898e-01 6.664305828551843058e-01 -9.063222272027680049e-01 -4.887504938523004938e+00 -1.370384906167655403e+00 7.325288652624656338e-02 1.029472537695364176e+00 -5.710439015449376710e-01 2.646350092707222323e+00 1.828633514496392110e+00 -5.549055611503231900e-01 -2.194893441112238941e-01 1.498600955331720108e+00 6.215595762806169766e-01 -4.742763943025178897e-01 -7.355882119687260356e-01 -2.410723206514926442e+00 3.966281636643903541e-01 -2.197055189138125808e+00 -3.094217856950125967e+00 1.634346558883527090e+00 9.302669924731507001e-01 -2.365502615744185189e+00 2.236886613664306189e-01 -6.514355661354875870e-01 -1.788456900313841524e+00 8.968148674218482386e-01 -1.053383365137069871e+00 -2.495936812432641538e+00 -1.457530789150439210e+00 1.075331293139721200e+00 -2.222743813354634557e-01 1.173072456437309619e+00 3.754618692699644433e-01 -4.002376311937656805e-02 1.600881424705930867e+00 5.258079594745520557e-01 -1.608589025236561443e-01 6.659508426606290943e-01 7.708011752228972613e-01
6.534543126475023112e-01 -1.067657299233544910e+00 7.534785343360255183e-01 -3.444631053629108042e-01 1.489202822242782220e+00 -1.098629773269595544e+00 2.943871289478147801e+00 1.249987151915603389e+00 -4.376321570584865706e-01 -4.258046873307447244e-01 3.666162191747414090e-01 1.740342203583205460e+00 -1.014855181419624497e+00 4.486759623390364493e-01 1.334816942797613537e+00 2.194206271684191467e+00 -2.467375093920478810e-02 -3.553554177827397131e-01 2.863176449068719279e-02 -2.611413146328533386e-01 -1.317301475851458070e+00 -2.259955554921541321e+00 -1.334103059749308096e-01 -1.096089100782961401e+00 2.496989657370887183e-01 -1.347427861167192820e+00 -9.850791366700053509e-01 -5.551739088596918670e-01 4.490521955669488086e-01 1.567832281188709986e+00 4.040496850855074262e-01 9.670298987155621084e-01 2.000259862391812193e-01 -3.041071418553199290e+00 9.508856988190859116e-01 4.535578860225795983e-02 1.522826172390935984e+00 -1.085702966889228183e-01 2.814281036447602968e+00 3.217841725482122051e-02 -5.648978045086451294e-01 -8.776132486372197894e-01 1.070326785829520455e+00 -1.073243160635679150e+00 2.319079774936739224e-01 -2.135441872779178851e+00 2.463091801813119375e+00 6.800418130141161477e-01 -1.250901360077272484e+00 -2.258949009636277983e-01 -1.287910204131615277e+00 3.121138688069033940e-01 6.932150312465414910e-01 5.655809060118912601e-01 1.565115235215281730e+00 2.653040771086133454e+00 -1.855613675975290144e+00 -6.776365661260986828e-01 -5.998835403812793343e-01 -1.205065143421127249e+00 6.792373597280393360e-01 5.800122105725370458e-01 -8.001672097694995101e-01 -1.080064966663751569e-01 -4.700862066981433829e-01 6.203482466004240914e-01 -1.286829845479301238e+00 5.299148450428237123e-01 1.293095001477105876e+00 -1.649451819609513814e+00 8.251985790678275645e-01 -1.358687570916105258e+00 -1.474709818612118806e+00 -9.156822078645403540e-01 -2.453244670501619762e-01 4.653312725659635718e-01 -1.973399258019536529e+00 1.294834731467783273e-01 -1.814898764740455528e+00 -2.188218053192964696e+00 4.165075719212763539e-01 -4.229851207785284006e-01 -5.362404347882931271e-02 3.420906299842060849e-01 2.278761443427988476e-01 -1.321746592883695337e+00 -4.455326109583277461e-01 8.195120924667418372e-01 1.029689542973741379e+00 -6.499696991488251863e-01 -2.599945141944971505e-01 4.139328692001513210e-01 -3.241156208954864004e-01 1.063079561764683989e+00 9.624800987134596308e-02 -5.170195973291830116e-01 -7.672462952419172311e-01 -6.873135424632575985e-02 -4.892124626160078704e-01 1.853262431046812653e+00 3.876846769774494605e-01 1.160722666405568981e+00 -8.025779347378392270e-01 -1.405809476382048895e-01 1.129851676234667313e+00 1.978857371766701290e+00 -2.068573520770454477e-01 1.059918736757057500e+00 -1.979410566490787116e-01 4.126739166202129105e-01 4.807275842833362289e-01 -2.000584276440252829e+00 7.710155347742605469e-01 1.530624694692175880e-01 -1.368973993918619181e+00 -1.714445392594712958e+00 -7.045837142953580434e-01 3.263310084145753187e+00 -1.489373051229045952e+00 -3.215912542654622008e+00 9.765319831191446309e-02 2.196678954956698515e+00 -6.553659162785945014e-02 4.707030600620823457e-01 1.492449484842548746e-01 1.320216222845916221e+00 -1.018418905186200957e-01 9.901167706238557242e-01 -5.177184356519319852e-01 -6.481813709132199230e-01 1.458875743680288384e+00 -1.508561038540077615e+00 5.194257472684794541e-01 6.290906305383177355e-02 -1.988186852851518693e-02 -2.553720410321027590e+00 -2.112023340790717130e-01 7.544563882510929576e-03 -4.667128605231783411e-01 1.302323264841043216e+00 9.452542687173259850e-01 -4.136417367479761076e-01 2.878668649175137428e+00 1.814812025176389731e+00 7.539413811122912257e-02 1.812684949813644808e+00 -2.519365485347402789e+00 -1.584040619016557627e-01 2.454586108671676037e+00 -2.052148608135217156e+00 -1.125158770142881792e+00 3.140558782872233112e-01 -2.151001733057097187e+00 6.727678589824340749e-01 -1.060494559906402234e-01 1.706709366085767732e+00 1.008033410659172624e+00 7.553928386812607254e-01 -5.455672835325517944e-01 1.392736705116175644e+00 5.059890386503437254e-01 -1.094998153959085840e+00 -1.450209024011677839e+00 1.623034209802689976e+00 -1.917080291726652286e+00 5.712034603362446950e-01 -3.122605779402987114e-01 3.762190790351317426e-01 6.714602982193222935e-01 1.112861582708882385e-01 -1.662144997705754523e+00 -6.869508254767955346e-01 1.834639219060429927e+00 1.413076525743677481e+00 1.319161162933031317e+00 -8.255464120966808927e-01 -1.111609333510979875e-01 -7.186673845856585974e-01 -6.002970824487448009e-01 1.043654090350501829e+00 -4.446442032267528544e-01 7.333479941403101554e-01 1.488273548777041100e+00 1.173843819083602302e-01 -9.584898934996731734e-01 -2.824253048434870461e-01 1.380243755121542404e-01 2.220818467036307364e+00 -1.882823429015566541e+00 -1.018681276363391897e+00 -3.637355209373665521e-01 1.334199318501513520e+00 6.950045359850290927e-01 -1.067379125216016078e+00 5.863736338091095346e-02 -2.174933811371605241e+00 -1.412561277385897762e+00 -5.320007006439706476e-01 -3.247256386739369449e-01 1.545362613781387395e+00 -6.926068644169113275e-01 1.660411843416847111e+00 -1.889279687480224013e+00 -9.998668661320323503e-01 -4.039806239088380435e-01 1.229918173718790531e+00 1.645107154721955567e+00 5.139493256212328554e-01 -4.520135168772297929e-01 -1.937007126909559673e+00 8.141613352774921264e-01 -2.021941689240653039e-01 -4.428354844969174531e-01 -2.351034273212518899e-01 1.682718274193197860e+00 -1.439078211525306905e+00 2.482254291978927885e+00 -1.109013996284848202e+00 -9.373622852620879797e-01 4.306496781970093335e-01 -1.367347634493856878e+00 6.278639757104856334e-02 -4.786046458292514405e-02 -2.197207000782274822e+00 2.983504174948722998e+00
1.349031721289011942e+00 -1.315318617508379750e+00 2.017039072623580509e+00 5.322006273937757159e-01 -1.809158531772175671e+00 -9.131371250362778635e-01 -1.919782908904328789e+00 8.501241305343553156e-01 -8.174922179665001787e-01 -1.059197605119496899e+00 -2.583516978369399641e+00 6.593184900117887715e-01 -1.280395392522147846e+00 1.309807452326586519e-01 -4.130457644487190549e+00 -1.841998834865756773e-01 -1.796025401429595547e+00 -9.170352755866755246e-01 6.922380247872369496e-01 -1.061901939935180339e+00 4.088214565624264552e+00 -9.538626094126706478e-01 1.820488737492819142e+00 -5.580460421068086374e-01 -2.450872312134420514e-02 -4.490839795726897066e+00 -2.335501951490149067e-03 -9.633856451447661229e+00 -4.403959922568733143e-01 -7.977455832872883956e-01 3.304241837584112940e+00 -5.319296451520846292e-01 4.758114568302903358e+00 4.124387123182954973e+00 2.964052441780978264e-01 -3.125930612308291945e+00 3.809994972381598455e+00 1.983485621685260325e+00 8.716595954193902429e+00 -2.250901136977141725e-01 -9.471685426288738441e+00 -4.800899213543387556e-01 -2.841090716676044625e-01 2.116247377119475637e+00 -5.662620031680538624e-01 8.658127505070253860e-02 -2.173427572694412113e+00 1.802927354904211743e+00 -2.663302536419070332e+00 -1.814590657050048073e-01 -3.806357357898646487e-01 -5.010029881966892029e-01 -1.196094647971632119e+00 4.813846741721793165e+00 -1.095126792076537958e+00 1.089417168262397095e-01 -2.417435149997021748e-01 8.619657817473340700e-01 -7.278356310551996611e-01 -4.310295183085030013e-01 -3.568102673025002503e+00 -9.785817699092971278e-01 4.596831466174692293e-01 -4.289164660993949330e-02 2.786583662253747651e+00 9.365056982449482953e-03 2.751722895968280458e-01 2.138940025094578701e+00 -2.931425902311007303e-01 1.416808405329431642e+00 4.527497946733168854e-01 -2.805596804415101619e+00 1.542817945075085351e-01 -4.059013765591656941e+00 8.130774477924697097e-01 1.000551609704280809e+00 4.179162266528870795e+00 -2.668564730604821911e+00 4.219692297572350981e+00 3.392981773855115790e+00 -2.736435565598143160e+00 -1.414114720946924919e+00 -1.111171250993141957e+00 -1.575307876364464288e-01 5.218700526697106490e+00 3.366944910846615624e+00 -4.143836381530047852e+00 6.733932906027123799e+00 1.838019510644501864e+00 2.556993715415025736e-01 -3.154640270924555345e+00 -7.805829275717505844e+00 1.229938314555965917e+00 4.578355966023718970e+00 2.879093487617741531e-01 -5.749586754743559958e+00 3.564964232441211855e+00 1.966924842695273901e+00 -2.053153492356774024e+00 -1.780059467366350567e-01 -2.765781434145059947e+00 4.504477862192168836e-01 -1.830057368305308074e+00 -7.202630599312229848e-03 3.509512666449063900e-01 -1.396182602811081752e+00 4.733523687092385579e+00 -1.597537898683215163e+00 5.384461964996418715e+00 -1.025857900315417237e-01 1.085544369570544676e+00 -2.721824009448829407e-01 3.777093670557591487e+00 7.446547460531812712e-01 1.514138891326865188e+00 -1.421439148954086074e+00 -2.619014996567948117e+00 -6.599165498059900159e-02 6.722380517026422808e-01 -1.656087065636377531e+00 1.564436969623310025e+00 -1.989051393773050014e-01 1.307844139400090366e+00 6.325041914912749030e-01 2.159338361594785038e-01 -2.948372164684019303e+00 1.815922757088431094e+00 3.137337795202918667e+00 -9.910097754205965614e+00 -9.902682260289060734e-01 -7.002008881443574362e-01 -1.332304984887065391e+00 -3.051466286262211280e+00 -9.113005406982800649e-02 1.807580522876856666e+00 -1.183863344626676417e+00 6.996190087280628189e-01 -2.534260154328529246e+00 -1.232625317338251314e+00 7.130154199047331609e-01 -6.902843261021013310e-02 2.542997716141548903e+00 -8.783756553761771224e-01 -2.366134352828596910e-01 -8.756489600168350096e-01 -3.602181925279640540e-01 -3.586639791992681237e-01 7.871850432303211242e-01 6.786185253994393207e+00 5.682549034119703003e-03 -7.302060803598516836e-01 8.749901624052421889e-01 -1.880105583421405768e+00 -9.107342026394261714e-01 -3.437113644189671025e+00 1.611148537195424169e+00 1.780601528030614000e+00 1.004933629477511303e-01 1.512136210153375737e+00 3.148150237368666643e-02 1.003312733824858860e+00 6.266894438311906290e-01 -2.562070735499040186e+00 -2.276527857675537669e-01 -1.390793811759022169e+00 9.168438806147001241e-01 3.492162638280003950e+00 7.173108266025913782e-01 3.115365664853903649e+00 -4.827281760277938316e-01 -2.914112652975583195e+00 -9.134284013016880088e-01 -1.857804158494616775e+00 6.324942213126427681e+00 1.387952027791503262e+01 -2.439752719339774334e+00 1.929065529470810780e+00 -4.487552158394231050e+00 -3.014057525746255961e-01 -1.474795341202421062e+00 -1.262047502278260236e+00 -1.173255251783543951e+00 -3.676176642151415930e+00 1.338668381039756605e+00 -3.639664055452608848e-01 9.372997891269464477e-01 -2.213612789577973139e+00 4.101288849062309616e+00 -4.418299346893159729e-01 1.050226557187254217e+00 -1.822785029103278109e+00 -4.576436508933547032e+00 -5.194811502130405323e-01 -4.501654111521210533e-01 -3.340225795619279903e-01 1.858214844846210578e+00 4.241621063658873592e-01 -3.870387036088807964e+00 -2.469537525281844947e-01 -8.211550708736982118e-01 1.359361416357422747e-01 5.410569431764827186e+00 1.738741054170328315e+00 -1.561959254478975830e-02 -3.761654403361243570e+00 1.476749269266403486e+00 4.165896710798128844e+00 -2.025681783448732620e+00 -3.490358523731063034e+00 2.721047296091775314e-01 2.947676618678413796e+00 -1.660426307104059473e+00 2.500596683405098108e+00 -4.017021024896521575e-01 -9.906440812417426356e-01 -4.261459533673798150e-01 -2.398218986082135462e+00 -1.500409565870027551e-01 -3.390993427691496809e+00 -2.869353577628969809e+00 8.685915425076068397e-01 1.540109720911109203e+00 4.462686736116534547e+00 -2.161238392754361914e+00 2.958184263176676598e+00
4.028682333041994634e-01 -2.950871215776878012e-02 -7.690728325781938102e-01 -4.992790371911519642e-01 -1.125065170577370210e+00 5.549604932450341588e-01 1.792774647280573452e+00 -2.144896065386619810e+00 1.783404834436679576e-01 2.175372851552160869e-01 3.434370027208290654e+00 1.131137666413825293e+00 -1.209069733690387172e-01 6.077626660694688265e-01 -1.509925506486899049e+00 -9.667985002373820080e-01 4.627157914053321441e-01 1.010339503276940665e+00 -4.054141469496378436e-01 3.119746849406946354e-01 2.252833581928681550e+00 3.782213101818488799e+00 -3.659735832796068511e+00 6.812575769172503071e-01 -2.083700148028931054e-01 -3.498442204585213045e+00 -5.561462986043054890e+00 -2.587044671282456854e+00 -1.385631381071698476e+00 -1.003683557459817521e+00 9.053042619222243514e-01 -5.044222205414651938e+00 4.943112597621932558e-01 -8.069682277905975143e-01 -8.474099242975274837e-02 7.790036107300415402e-01 -3.211876537267431164e+00 -9.363673920853369248e-01 1.387062648993250313e+01 -1.020434983489944131e-01 -5.694965403188918529e+00 9.554567551216828214e-01 -2.186655044037073559e-01 2.910069239681573272e+00 2.239182444689473764e-02 2.197230536198707451e+00 -2.177393022058649041e+00 -1.304280013318571241e+00 1.296738125474221182e+00 6.018998931647967510e-01 3.177824179328395005e+00 8.873978487029586804e-01 -5.452610121807531796e-01 9.188548849853248601e-01 9.814618595180442107e-01 1.829306136787811843e+00 1.841343012392975377e-03 8.474702431411464953e-01 -2.838577434343817707e+00 -2.673605200988971586e-01 -3.648860305205529730e+00 1.974178022390952636e+00 6.670781306046924541e-01 -3.654452664887279378e-01 -6.598666803451258112e+00 -4.710930833515837857e-01 -5.953363278143894988e-01 -3.827225325723758176e-01 8.608051390823857896e-02 -9.256749406997877294e-01 -2.384662477910818534e+00 9.060372789884355571e-01 2.775475645728477936e-01 4.563103332558820502e-01 2.292055796546763169e+00 1.488735620020265049e+00 -3.328370853690675091e+00 2.621649761542148127e+00 3.211565439511087749e+00 2.733974856638554662e-02 2.401771914654320939e-01 -4.892849930382957013e-01 -7.220576819635322885e-02 -1.801173244196845991e+00 -2.759116102903342416e+00 -2.235252646439332302e+00 -1.462302157475879216e+00 -9.127726534698443750e-01 5.462314578410517818e+00 -4.775855971731410854e-01 2.986680013616230256e-01 1.900278595333560361e+01 1.671280798428655512e+00 -2.359837590888850478e+00 1.596848291131704567e+00 1.964620891987507889e+00 -3.579790634733314825e+00 3.868038956243212922e+00 -1.537133018809798468e+00 -1.899725608735137961e+00 -2.343833451651425204e+00 1.662333388683455038e+00 -3.479812287297219253e+00 -1.116401659643496025e+00 2.736644891497108656e-01 -1.702821806749722722e+00 -1.816434436347473591e+00 1.640858138820803891e+00 1.197447436664352605e+00 -1.350477394510408047e+00 -2.599899838468718860e-01 -2.166103029084967435e+00 2.303807662477630025e+00 -2.655959909653881068e-01 -4.684013527848664538e+00 7.705871919412346394e+00 3.590648539296270592e+00 -1.258641679530330404e-01 2.139719967054918293e+00 -1.692828599606633455e+00 -8.196203763904374995e+00 -9.486566974716608147e-01 1.572661078483477137e+00 1.429687664520708779e-01 8.032540635541426943e-02 4.228252368317869103e-01 1.098473779964310504e+00 2.298720781476092601e+00 -2.108537824124014470e+00 -5.164450020431330390e-01 9.549683568883405860e-01 -7.021419750964233986e-01 -1.030724342503673840e+00 6.810090419741119394e-01 1.634632874494375887e+00 -9.982958945542542706e-01 -1.270175684580401310e-01 -1.825885273212246307e-01 -1.099101203873000587e+00 5.289407045163292409e+00 -2.499744350706851748e+00 -1.133394535179746976e+00 8.268498963912267463e-01 -3.157362391321777428e-01 2.913894724892048815e-01 1.497100615703131909e+00 4.163781166758777630e-01 -1.248460895910624480e+00 2.544286325174227592e+00 3.357589016778472213e-01 -1.546448648356220756e+00 3.607008138982488732e-01 -5.038940957617910499e+00 4.919359028379559629e-01 6.728944142543132889e-01 5.454742344615844118e-02 3.022182760619040565e+00 -4.801532187499406024e-01 -4.188842644955755867e-01 2.679801094712976339e-01 1.667629327529410510e+00 -6.404222790658624653e-01 -2.561334435332274673e+00 -3.305535282229327798e+00 -3.185039590418123900e+00 -2.148512984685170490e+00 4.726843636748240485e+00 1.606439846066499977e-01 4.786313902566562417e-01 1.606371334623776015e+00 -8.607427883882702302e-01 1.298362053458243182e+00 6.827178068422894430e-01 2.787527939661394338e+00 -7.435090627178245981e+00 4.940451255780726747e+00 -3.363939847770638814e+00 -4.937141115455571105e-01 -2.332227914124760659e-01 -3.363229754942246852e-01 4.310082408401142651e+00 5.554819875272150043e-01 -5.555244180437762580e+00 -9.814480710364118510e-01 -2.141023492199876088e+00 5.378759242408909236e-01 -1.760955434948037412e+00 8.469232180538680765e+00 1.564201627601511602e+00 6.579932013942815239e-01 5.388923202541370472e+00 -6.893048295057313091e+00 -3.929335629616406145e-01 2.289022629501523909e+00 -4.507814799284567187e+00 6.484643214557360702e-01 3.320427225500333535e+00 2.201832374827329630e+00 1.712341811282606541e+00 -1.640471580768249948e+00 -3.749988472555117469e-01 -2.993667027196006636e+00 -4.349512980978544441e+00 6.252962280378258075e-01 -1.409215639324334690e+00 5.527203191482355393e+00 -2.057110450102654031e+00 -9.025796596304642705e-01 6.447077956235204299e-01 5.873881894065682729e+00 3.182952123421433493e-02 1.938973449555584150e+00 1.719637069025648390e+00 -6.251942884104181530e+00 -2.156910163416102311e+00 -1.622098115434794652e+00 6.330933994954753008e-02 -2.962103376919426601e-01 -5.653088166800993575e-01 1.276908008379146864e+00 4.791883975442172150e-01 2.523848632644730028e+00 -2.248841233755010549e+00 -3.167375721917038867e+00 -3.705637048787818744e-01
6.871492406818181520e-01 6.678158723545160047e-01 2.818267347893121944e+00 -2.278831647065792110e-01 -4.324065478477258639e-01 -1.217146946963062248e+00 2.177214268070695388e-02 -5.471274198723730997e+00 -9.642158967066120079e-01 1.480181216563812407e+00 -1.570881764688222049e+00 4.019445317008877083e+00 3.105296881539868270e+00 -2.827215900495116396e-01 2.496054372263283749e+00 7.527548544922790796e-01 -1.042115471067139865e+00 -1.756936489039924443e-01 1.388192130393288259e+00 2.209970503939979181e-01 3.633144053289719899e+00 1.735199083524861186e+00 -6.791162333601612477e-01 6.912460365898435155e-01 2.526691264963696823e-02 -1.930560919643560691e+00 2.252494466451127941e+00 -8.935294588924110215e+00 1.552277931584960635e+00 1.337384040694700182e-01 -2.161049396197801897e+00 2.144639453297208842e+00 2.967749099756109565e+00 -1.249027429605003237e+00 -6.305217123743938057e-01 1.560213862828407905e+00 2.880089752398183600e-02 1.263174062040761214e+00 7.206804762755626648e+00 1.052934816753656744e+00 2.920134444568645904e+00 -4.543182015456608824e-01 -5.516729416328519653e-01 4.672302889889023092e+00 2.456919096390956514e-01 4.425263840890914402e+00 1.612902073134929726e+00 3.904284345304814607e+00 -1.856933029720913009e+00 -1.416592816264756305e+00 -3.818744829629414195e+00 -3.604066765295058788e-02 -1.383032569395550082e+00 -4.054819433942067342e+00 1.910920987239820290e+00 3.708150624426792330e+00 3.041252990888137497e-01 1.597058176659247986e+00 5.407941220255200854e+00 4.603377642584957741e+00 1.934263040474059947e+00 3.254170157261058738e-01 -6.855676386852402882e-01 1.567956332987829604e-01 -5.781932892604197072e+00 -1.630876913532535999e-01 4.990289425757474806e-01 -3.430737983547181624e+00 -3.483273420489201300e-01 -4.381072167727437794e+00 5.513962677073788177e-01 3.110186658841053386e+00 2.488010487210840616e+00 1.277267480077912687e+00 1.570713612694601968e+00 -8.313029974862371496e-01 2.951316267839213747e+00 1.606248808834651320e-01 2.996784034980551681e+00 7.792310475014164739e-01 -5.219884801282799192e-01 -5.070754200777737308e-01 -5.414265734601535485e-01 -1.041430092480761238e-01 5.230797296711921618e+00 2.542218428292895904e+00 -2.456535124618669297e+00 -2.157851491382364983e+00 1.907135671994382387e+00 -3.911720955668290256e-01 -1.277364344308983546e-01 2.683045020257222912e+00 -4.319152750537717522e-01 2.320018107448380107e+00 -2.288291343718125592e+00 -3.468791770961143772e+00 -3.257988443002744816e+00 2.385076810214148413e+00 -1.386694914590650418e+00 -1.893091784865596150e+00 2.490335623431055190e+00 5.887839446092277829e-01 -7.622988354020521218e-01 1.468206169464489230e+00 -1.068977176795190970e-01 -4.942561637346618020e-01 -1.586242882870833704e+00 -9.069606172966544477e-01 3.573229293708920368e-02 -7.049100289724195001e-01 -9.248681665680638098e-01 6.376777794546057976e-01 9.832822878465472538e-01 -1.457017290218119543e+00 -2.193663669372805103e-01 4.439093778114820310e+00 -2.110619021704932319e+00 -4.562988230507407650e-01 -2.369697842213624117e+00 2.448553815660226451e+00 -1.910447714526623653e+00 -5.124165893184364634e-02 -9.668650380209758977e-01 -1.170456791445155131e+00 1.075525832556388339e+00 3.477787950523366645e-01 4.050440935642314333e-01 -4.500589421779388921e+00 3.806831307585179514e-01 -1.657476334469565771e+00 3.526063341336653778e-01 1.998963864249738265e+00 1.112990181567081960e+00 8.867843158678333504e-01 1.739192073383838189e+00 9.938893096893793855e-01 -2.003359382227660745e-01 7.122111064259239122e+00 4.757722774336167748e-01 -4.784785216437821287e-01 1.527289866787342465e-01 -3.746508965914772116e+00 -5.393083525867240269e+00 -1.084723860649944305e+00 -5.429930166986953743e-01 -4.735537326922957035e+00 7.706164220022895250e-01 1.363685242625625182e+00 -3.074211061924293276e+00 4.771420490497831346e-01 7.888349111517301004e-01 -1.861999577958724172e+00 -2.221043932501164608e+00 5.255171289337619012e-01 -1.697953652589608842e+00 4.780221958131702031e+00 7.270058043274720827e-01 -7.430769938839094646e-01 8.382258578700442220e-01 -1.636432958916672967e-02 3.963012189502646554e-01 6.476259618893385195e-01 -4.104319448532318226e+00 5.448976250304686353e+00 -1.145762544465658700e-01 4.641851132159943383e+00 1.935056278697961041e+00 1.222152869693525545e+00 -1.766306120913277711e-01 -1.182290377947759596e+00 -1.083729815737717983e+00 -2.037813371841984189e+00 3.495402489724710460e+00 -1.301918859360026204e+01 -2.017493394622494052e-01 -3.773530646852711001e+00 4.693974256699870118e+00 2.970375372428383898e+00 2.016100443532376219e-01 1.016503500397040405e+00 -3.142198302030366208e-01 -1.964842174502330341e-01 1.790785829223080938e+00 -5.299935507931060386e+00 -8.998757993391722776e-01 -5.822211003151615827e-02 4.152239077204890272e+00 -2.384685507966984641e+00 1.160413209102151288e+00 -5.858580674396970389e-01 3.021305010923495127e-01 -1.847793563515251147e+00 2.659187043597360134e+00 3.998857295258822830e+00 1.758811522163614693e+00 2.894823571422621811e+00 -1.062007320472936556e+00 -1.922745818595892331e+00 1.102901082893299467e+00 -7.458366311612880939e-02 9.469243000488741790e-01 -1.828931267959892804e+00 -1.551036859696790726e+00 -3.588576882866682111e-02 -9.405432977081077395e-01 -3.686393872024699370e+00 1.615891925161546450e+00 -3.602652533129310441e+00 1.262407820750046927e-01 -2.061854458491469089e+00 1.093579883180032297e+00 -1.289631370986463077e+00 -1.537557376012939292e+00 -4.848819799092924043e+00 9.866584714322128580e-01 -4.769302707467104163e+00 -2.477454341937576743e+00 3.811951495240997190e-01 -3.377550302347754219e+00 -4.280691731602691341e+00 -2.050002186558403050e+00 -4.248647515898292815e-01 4.810094194483677255e-01 -2.141341534160170035e+00 -2.519183870263230318e+00
