# 
#                 ----------------------------------------------------
#                 Data from a 3D direct N-body simulation. 
# 
#                 rows are i-particle; 
#                 coumns are :mass, tag, x ,y, z, vx, vy, vz, ax, ay, az
# 
#                 NTHU, Computational Physics 
# 
#                 ----------------------------------------------------
#                 Time = 0.0
0.000000000000000000e+00 1.000000000000000000e+00 2.000000000000000000e+00 3.000000000000000000e+00 4.000000000000000000e+00 5.000000000000000000e+00 6.000000000000000000e+00 7.000000000000000000e+00 8.000000000000000000e+00 9.000000000000000000e+00 1.000000000000000000e+01 1.100000000000000000e+01 1.200000000000000000e+01 1.300000000000000000e+01 1.400000000000000000e+01 1.500000000000000000e+01 1.600000000000000000e+01 1.700000000000000000e+01 1.800000000000000000e+01 1.900000000000000000e+01 2.000000000000000000e+01 2.100000000000000000e+01 2.200000000000000000e+01 2.300000000000000000e+01 2.400000000000000000e+01 2.500000000000000000e+01 2.600000000000000000e+01 2.700000000000000000e+01 2.800000000000000000e+01 2.900000000000000000e+01 3.000000000000000000e+01 3.100000000000000000e+01 3.200000000000000000e+01 3.300000000000000000e+01 3.400000000000000000e+01 3.500000000000000000e+01 3.600000000000000000e+01 3.700000000000000000e+01 3.800000000000000000e+01 3.900000000000000000e+01 4.000000000000000000e+01 4.100000000000000000e+01 4.200000000000000000e+01 4.300000000000000000e+01 4.400000000000000000e+01 4.500000000000000000e+01 4.600000000000000000e+01 4.700000000000000000e+01 4.800000000000000000e+01 4.900000000000000000e+01 5.000000000000000000e+01 5.100000000000000000e+01 5.200000000000000000e+01 5.300000000000000000e+01 5.400000000000000000e+01 5.500000000000000000e+01 5.600000000000000000e+01 5.700000000000000000e+01 5.800000000000000000e+01 5.900000000000000000e+01 6.000000000000000000e+01 6.100000000000000000e+01 6.200000000000000000e+01 6.300000000000000000e+01 6.400000000000000000e+01 6.500000000000000000e+01 6.600000000000000000e+01 6.700000000000000000e+01 6.800000000000000000e+01 6.900000000000000000e+01 7.000000000000000000e+01 7.100000000000000000e+01 7.200000000000000000e+01 7.300000000000000000e+01 7.400000000000000000e+01 7.500000000000000000e+01 7.600000000000000000e+01 7.700000000000000000e+01 7.800000000000000000e+01 7.900000000000000000e+01 8.000000000000000000e+01 8.100000000000000000e+01 8.200000000000000000e+01 8.300000000000000000e+01 8.400000000000000000e+01 8.500000000000000000e+01 8.600000000000000000e+01 8.700000000000000000e+01 8.800000000000000000e+01 8.900000000000000000e+01 9.000000000000000000e+01 9.100000000000000000e+01 9.200000000000000000e+01 9.300000000000000000e+01 9.400000000000000000e+01 9.500000000000000000e+01 9.600000000000000000e+01 9.700000000000000000e+01 9.800000000000000000e+01 9.900000000000000000e+01
1.000000000000000056e-01 1.000000000000000056e-01 1.000000000000000056e-01 1.000000000000000056e-01 1.000000000000000056e-01 1.000000000000000056e-01 1.000000000000000056e-01 1.000000000000000056e-01 1.000000000000000056e-01 1.000000000000000056e-01 1.000000000000000056e-01 1.000000000000000056e-01 1.000000000000000056e-01 1.000000000000000056e-01 1.000000000000000056e-01 1.000000000000000056e-01 1.000000000000000056e-01 1.000000000000000056e-01 1.000000000000000056e-01 1.000000000000000056e-01 1.000000000000000056e-01 1.000000000000000056e-01 1.000000000000000056e-01 1.000000000000000056e-01 1.000000000000000056e-01 1.000000000000000056e-01 1.000000000000000056e-01 1.000000000000000056e-01 1.000000000000000056e-01 1.000000000000000056e-01 1.000000000000000056e-01 1.000000000000000056e-01 1.000000000000000056e-01 1.000000000000000056e-01 1.000000000000000056e-01 1.000000000000000056e-01 1.000000000000000056e-01 1.000000000000000056e-01 1.000000000000000056e-01 1.000000000000000056e-01 1.000000000000000056e-01 1.000000000000000056e-01 1.000000000000000056e-01 1.000000000000000056e-01 1.000000000000000056e-01 1.000000000000000056e-01 1.000000000000000056e-01 1.000000000000000056e-01 1.000000000000000056e-01 1.000000000000000056e-01 1.000000000000000056e-01 1.000000000000000056e-01 1.000000000000000056e-01 1.000000000000000056e-01 1.000000000000000056e-01 1.000000000000000056e-01 1.000000000000000056e-01 1.000000000000000056e-01 1.000000000000000056e-01 1.000000000000000056e-01 1.000000000000000056e-01 1.000000000000000056e-01 1.000000000000000056e-01 1.000000000000000056e-01 1.000000000000000056e-01 1.000000000000000056e-01 1.000000000000000056e-01 1.000000000000000056e-01 1.000000000000000056e-01 1.000000000000000056e-01 1.000000000000000056e-01 1.000000000000000056e-01 1.000000000000000056e-01 1.000000000000000056e-01 1.000000000000000056e-01 1.000000000000000056e-01 1.000000000000000056e-01 1.000000000000000056e-01 1.000000000000000056e-01 1.000000000000000056e-01 1.000000000000000056e-01 1.000000000000000056e-01 1.000000000000000056e-01 1.000000000000000056e-01 1.000000000000000056e-01 1.000000000000000056e-01 1.000000000000000056e-01 1.000000000000000056e-01 1.000000000000000056e-01 1.000000000000000056e-01 1.000000000000000056e-01 1.000000000000000056e-01 1.000000000000000056e-01 1.000000000000000056e-01 1.000000000000000056e-01 1.000000000000000056e-01 1.000000000000000056e-01 1.000000000000000056e-01 1.000000000000000056e-01 1.000000000000000056e-01
3.844158765794494226e-01 1.215609109827798101e-01 2.454723933983757322e-02 9.279923572483778083e-01 1.419059077840395311e+00 -1.988521757349792640e+00 4.080409368872596754e-01 -1.614785782807472092e+00 2.546826924802152448e-01 8.032014791428816469e-01 7.490980559494109237e-02 -2.082710229952056680e-01 5.018506690894143363e-01 3.766687414811331069e-01 1.120739974754996482e-01 -1.156932946938139306e+00 -9.683566076158593994e-01 1.550463289599324890e+00 -1.214808620058471567e+00 4.957741613009880033e-01 -8.589183195513007130e-01 2.156427620769799658e-01 1.608619254689573452e+00 5.733620558720592397e-01 -4.826530089545472135e-01 1.282475407217761543e+00 -4.358071360117548032e-01 9.161447559217186232e-01 6.573504620449561742e-01 -1.768935096430892528e-01 1.155164158824525167e+00 -1.088707280449458192e+00 -3.388160601141543271e-01 1.164386894486771684e+00 -7.812733640975942639e-02 2.546502487918126945e-01 1.770123376523967673e+00 1.522044390677462333e+00 -1.876454980173262177e+00 1.760159287181558785e+00 -2.624959097070550529e-01 -3.524837115005138077e+00 1.740770551870081395e-01 -7.004620146938664860e-01 -1.674471449956622671e+00 7.725516282579246441e-02 9.926752182959848181e-01 1.281660670805783830e+00 -1.491915246196854561e+00 -2.580242767180250807e-01 -2.066339887703921629e+00 1.984042765873478831e-01 -1.439774173709717386e+00 6.988363850486654094e-01 1.760842511581433456e+00 1.226666952385331300e+00 1.058405803970900172e-01 -7.218926178434049989e-02 7.780046605568741169e-01 -7.094342398961175356e-01 -6.364888972847124737e-01 -6.197122549906222133e-01 -2.595888891027051670e-01 1.350691942606114360e+00 -2.162128321118520269e+00 8.672430001294980650e-01 -6.334849234892878656e-01 -5.724927236690921517e-02 5.752581899984506864e-01 -2.495035420749273924e-01 -2.276132758186231314e-02 -1.504093932684884560e+00 2.858649847137033073e-01 1.269642374164871690e+00 1.681223745098903155e+00 -1.482558565187294120e+00 1.583263171414426296e+00 4.100730072257920411e-01 -2.730978251035335314e-01 -2.170206701819737738e+00 7.775495577697617566e-01 5.458179617725064103e-01 -5.913098845950265359e-02 1.476156409855891471e+00 -5.159178471467822380e-01 -7.551006909240032261e-01 3.420367902887437417e+00 9.633769155823002084e-01 -1.605266347548115480e-01 -7.094616368980417587e-01 1.335048723232765133e-01 2.276571149226731261e-01 3.598620771181616496e-01 -1.317532490076755325e+00 -1.725910992136984179e-01 3.149663903795129616e-01 -3.672740522867946611e-01 -1.733817181896736059e+00 -2.013888641845315242e+00 1.312510356864751593e+00
1.467007886457623922e+00 -1.131446199945073117e+00 -1.165170885418756797e+00 -4.195641187174790065e-01 2.203677307300355159e-01 1.305788573993977186e+00 -1.840929789803546490e-01 1.514004722275059445e+00 -3.937710669178181577e-01 1.100965706797289556e+00 7.344333335068554680e-01 3.001669628462578787e-01 -6.250145393228170310e-01 -8.075959321814988323e-01 -1.085845666162026379e+00 2.365620286760006935e-02 -2.290826015356691059e+00 6.382053206443041304e-01 4.630593762574357619e-01 -7.331767287872255068e-01 -6.173081239502377082e-01 -2.082412814242582400e+00 1.531394128628451590e-01 -3.588833507989594995e-01 1.576061434440975795e+00 6.809889496609906612e-01 -9.036694540304297529e-01 -2.395747755706453125e-02 6.747902112750643333e-01 4.791431819415419291e-01 -9.055079481751305837e-01 -3.284780794898502165e+00 4.396671633267827950e-01 -1.007725256264548230e+00 1.813134972090349573e+00 1.074798266549586323e+00 -1.361668753253148623e+00 -3.598601538782068565e-01 -1.101500977054283847e+00 -1.654942051429879823e+00 2.767958256075059298e-01 -1.713194892378623990e+00 5.073483979061688132e-01 8.995757557187207265e-01 -1.371946811210942307e+00 -3.666951014786144492e-01 -2.073615184033167580e+00 1.125483628653458634e+00 -3.002544456158070529e-01 5.421451238885033330e-01 -8.542056742207040365e-01 -6.816880030798193324e-02 1.825555526685963548e-01 -3.670510956773535005e-01 1.799567321258918606e-01 5.507536804495785088e-01 1.316076435985483073e+00 8.427181669067054792e-02 3.393272674915548404e-01 5.327281048483771819e-01 -1.123803433397182250e+00 3.627267310399415745e-01 1.402332799092371296e+00 -9.061071796919765997e-02 -1.871094664957138498e+00 -1.129445588998714056e+00 5.165626708843380488e-01 3.403828501591948941e-01 -2.886991493067800452e+00 -9.083535362369665744e-01 5.729600449945866369e-01 5.802142182294123263e-01 7.833112314214210059e-01 -1.787778074912379944e+00 -1.894301619848934415e+00 1.939261199020381188e+00 -1.023332552163705111e+00 -4.851896560434195704e-01 1.022839425358533116e+00 -7.431883975765829486e-01 5.851090635908260396e-01 2.044858243974370382e-01 2.231030310966686248e-01 -9.342044843579165592e-03 -2.626984084306700495e-01 6.308783139908757942e-01 -1.736022648321147166e+00 3.807646192339771973e-01 7.927438135213379922e-02 7.328649734652725733e-01 -2.859948938000760332e-01 7.187914608667006489e-01 4.610851934049561285e-01 -6.930866155469836976e-01 2.036823977927506135e+00 1.586275690285108286e+00 1.008743211312228549e+00 -9.292842975665820404e-01 -3.433000579703980870e-01 -1.340381400730768502e-01
2.374318343885647664e+00 1.376351656039616067e+00 3.004646120848456503e-01 -2.041259650280231180e-02 -1.967130077215988759e+00 -4.770741702099909887e-01 -4.374824387719802310e-01 -5.180395408068534380e-01 -7.766606790291409324e-01 -6.660135257414849796e-01 1.587755802308045805e+00 -7.541660661342595995e-02 -7.828137297856343491e-01 5.126779848147289959e-02 -2.021275052701393626e+00 -8.704384539752421657e-02 7.534668910339387127e-01 1.204010838058717781e+00 -6.092970611783972146e-01 7.883170726593573541e-01 -7.813446197995459197e-02 7.297538699196903789e-01 4.304053999041708156e-01 -2.834786113603786073e-01 7.895900012080396824e-01 -3.012360377310407955e-01 1.689123364852802567e+00 -3.630476754295605124e-01 1.681274701115230419e-01 6.834095387852065495e-02 1.165926424615167933e-01 -7.587046505041755706e-01 -1.239347552968520727e+00 7.516855612975879009e-01 -5.193126855106630080e-01 1.282217045000783040e-01 -1.538116318639096258e+00 -1.312722423811141237e+00 -3.812222446521962987e-02 7.807567023517127947e-01 3.113828564393563703e-01 5.222836315497647597e-01 -1.913004097794437364e-01 1.125134703952403559e+00 -3.848341598213827486e-01 -7.815199881242793634e-01 1.365243833498201109e+00 -4.363892920233179984e-01 -9.417307527620957242e-01 -2.549437721815769109e+00 -1.658280840912684573e+00 -5.230949929577891622e-01 -2.209509231499245274e+00 -1.358485269934348039e-01 2.504845608339343332e-01 -7.649122137570312230e-01 -7.135538867009882935e-01 1.599305105845251207e+00 -1.262133195184721002e+00 -3.679588173111754124e+00 6.704755391062653391e-01 -3.542444932854316164e-01 1.281704336587030646e+00 1.246779030190194038e-01 -1.670862364896579688e+00 2.144535117570474547e+00 7.344948559570012581e-01 -2.626335478704884263e-01 -1.189203516960601448e+00 1.611569397371201084e+00 -9.069692479390767392e-02 -2.875788917005782652e-01 -4.642993853112923341e-01 -4.301607667275734181e-01 1.045259803082737360e+00 -1.254570393838330133e+00 8.856007625372359637e-01 1.122504677641651405e+00 -1.832532993250380049e-01 1.295789595425377527e+00 -4.653581981558290170e-01 3.853268159616434207e-01 1.569802050770822271e-02 1.340000598619060401e+00 2.470468841876841959e-01 -2.380052450294731226e-01 1.569658957262685117e+00 2.177316360569250819e-02 1.048678541353868371e-01 3.899433716583473597e-01 2.265362865433290518e-01 8.432042827504901972e-01 1.015365796226324613e-01 1.511528495512639569e+00 1.448076653648787016e+00 2.150303995366439125e+00 1.971763214562922695e+00 -1.580535595749655853e+00 -2.399962102726309679e-02 -2.325079390335725193e+00
-3.778453410937758772e-01 1.519259387980474774e+00 2.031166471194343348e-01 2.738499621767724324e-01 -2.353172798047682424e-01 -3.908044673607665720e-01 7.197265685498255294e-01 8.838496332178851222e-01 -4.249507726235838834e-01 -8.210829594320381286e-01 -1.706451204539609856e+00 1.207016669738135928e+00 1.387211344569351912e+00 1.177351434392579055e+00 3.696583052202663255e-01 -1.773871995659479506e-01 -1.501066991983289522e+00 2.628533147075738374e-01 2.430930472468742221e-01 5.090224442560884466e-01 9.313199257570492495e-01 1.449619551100511439e+00 -7.384553515319638439e-01 -2.998363040220710651e-01 1.419455965370814088e+00 -1.585627967377757574e+00 -5.650874183324368083e-01 2.538404157572673903e+00 2.297838186002559624e+00 8.551742153602632790e-01 -2.234354099107921376e-01 -4.425357743762630136e-01 2.235829567458793576e+00 6.863335739423250814e-01 1.248493974271133178e+00 1.362847644927092094e-01 8.282038628901284838e-01 1.347213745924140671e+00 1.731989784471174021e-01 6.446755971567126320e-01 5.991193780628492060e-01 -1.867188362124416967e+00 8.499683184590371976e-01 -8.047804513514598967e-02 8.762763005221811952e-01 8.426502220227660711e-01 -1.183169615087334758e+00 3.062527332742921438e-01 -6.409110356855181045e-01 -7.095437625396605608e-01 -1.288162579229137128e+00 4.075377960411414313e-01 3.361995683194844431e-01 -2.187659251721327247e-01 1.110463053409070783e-01 -1.885694712083761271e+00 5.362991208947585076e-01 -3.430400222793020815e-01 -3.846312263695034761e-01 -7.687894617090491600e-01 7.821409775798944253e-01 1.114477545808751913e+00 -3.803232167936285157e-01 -1.050684515890171644e+00 1.752228427487936280e-01 -6.641872124822905121e-01 -9.508227050613371478e-01 -2.517480374534325271e+00 2.777633138846734573e-01 -2.495207240728331222e+00 -2.553408961543175981e-01 -9.463295660666239950e-01 2.022719463258658923e+00 1.095816436047719167e+00 3.889476052158858943e-01 -5.361784292704930843e-01 3.227952208926282429e-01 -3.656438999263870726e-01 -8.455514988621839478e-01 8.465974870547421371e-02 -1.183592839844630346e-01 1.099194727113938841e+00 5.818450353888732218e-01 1.622320141872514165e-01 1.108888506415289799e-01 2.869898725273583445e-02 3.592017712607337154e-01 8.730421753219623771e-01 1.061733613518008212e+00 -5.221615681766507144e-01 -1.504900889985730239e-01 -2.081454703143495455e-01 -1.188458140926232254e+00 -1.843729208514391482e+00 9.882664818292071773e-01 -5.062400509796582959e-01 -3.207461412216842250e-02 6.246078416081708440e-01 1.164403358357509466e-01 6.851744827241018632e-01
-3.165267209754081823e-01 -1.214450948374677264e+00 9.685711169076638427e-01 7.386681839913215031e-01 -1.709034003302405402e-01 -2.904686480473464560e-01 1.631037084503022427e+00 4.799629633232506132e-01 -6.990378138012427467e-01 4.394471219570060816e-01 -5.682191226132788930e-01 1.473888936273790806e+00 9.227039727402459590e-01 5.423802874303852717e-02 1.401859262415889873e-01 -1.274059395043002585e+00 1.752617437192790506e-01 3.008216513530935776e-01 4.972622048413731788e-01 -2.290637360656803123e-01 -1.599767949166068515e-01 5.825386962107796940e-01 6.988490014239305825e-01 5.484497009246774857e-01 -1.287201395525662484e+00 6.609129974846451594e-01 -1.036201339428102886e+00 4.587429857508129594e-02 -9.967402814924468668e-01 -5.629411846483619586e-01 1.365023171579189842e+00 -3.674164191083392206e-01 6.052105891401955429e-01 -4.796888306236098964e-01 -7.728757583416769883e-01 -5.095324243038344969e-01 8.861999287103807799e-01 -8.231141723675348132e-01 -4.155629255497762520e-01 -2.165129210225386291e+00 -3.183765323614174969e-01 -1.606007641781455275e+00 1.428167401477030696e+00 -6.200356155809354508e-01 -2.824686381436939397e-01 -2.119938068996406466e-01 -3.396508329890662314e-01 1.268208316798154822e+00 8.470640972491068066e-01 8.970357955683134765e-01 1.442026796928571830e+00 1.491178767807433081e+00 6.814329036614321655e-01 5.945726069689113436e-01 -2.176829880319125221e-01 -5.346565575256749803e-01 1.089106581585412570e-01 -3.206297788916179226e-02 -1.800912830499000750e-01 1.991254800924145141e-01 -2.479530197959977089e-01 7.869948319423704097e-01 -1.497595016871684503e+00 -9.467328719872281084e-01 3.191400017515598764e-01 1.857625855156785077e-01 1.268365475597982073e+00 -7.311131453111769929e-01 -5.091909858246801424e-01 -2.633868208568908464e+00 -1.448361076704473671e+00 -2.934329401986712771e-01 -2.075619180225624916e-01 -3.288519630771447044e-01 3.466016630437416257e-01 3.750953458816229658e-01 1.303681795252269904e+00 8.030220788293832360e-03 1.716023568400077082e+00 7.265571746514707385e-01 -5.475077446392810909e-01 1.723297824352322039e+00 -6.856057470266414544e-01 3.402279865605862264e-01 -3.621218573454337286e-01 -1.624780164078712508e+00 -1.407913150210857944e+00 1.961451650772989774e+00 7.110549901643765658e-01 -1.495059369236301228e-01 -9.729735094678300111e-01 -4.848538880780048355e-01 1.282603859315598616e+00 -7.940118249429399810e-01 -9.857611696231886877e-03 4.389627223218615093e-01 1.881250009722954322e-02 -2.193344263115212911e+00 2.934585104477168693e-01 3.698171396225183403e-03
1.098908830734330211e+00 8.442922619105506232e-01 6.014463065284536558e-01 1.414876994468132754e+00 4.774788493340176854e-01 -7.832029988110342789e-01 1.701213674165058309e+00 3.223707220204125035e-01 6.045800954286728590e-01 -4.627887599181476075e-01 3.583063813106185380e-01 -8.624377617248601968e-01 -6.207988076900697871e-01 1.179200618261406319e+00 5.806610981752271528e-01 -1.009460058494581869e+00 1.084247493556955266e+00 -2.679746480506034478e-01 -6.981310095657626835e-01 7.065648113245800443e-01 -1.614758464680267291e+00 4.164495601864270924e-01 -6.192100514422613777e-01 8.028213246539556147e-01 2.627836877317049069e-01 2.709175754014943038e+00 3.294268595870289973e-01 1.609514151326764564e+00 1.054814083716334672e+00 -1.612074069102470419e-01 -6.131292837219580738e-01 -1.518960261236279807e+00 -2.976576940854983588e-01 -6.553273310165710352e-01 1.828469037549774745e+00 -1.471449388366740330e+00 -3.345447109360906168e-01 -2.564028677635567938e-02 -1.860340502502150772e-01 1.397299709248273736e+00 6.729600845122792885e-01 1.259308187316231731e+00 9.905073554043879458e-01 1.539334803103158400e+00 -3.969362441214943638e-02 2.318448713146414430e+00 3.416048221861086587e-01 1.253957718651662168e+00 -4.066799142352183205e-01 -3.184013329452529684e-01 9.019055428484477055e-01 -1.335924415013700628e-01 1.086542247142849860e+00 -1.009003623051081489e+00 1.824563390501582893e-01 -6.700156290303651563e-01 -9.851540441017987426e-01 -9.593945432620759953e-03 6.304333992681265819e-01 -1.755606390851068843e+00 -1.208190492639357405e+00 1.471456365297193480e+00 -1.825933008082557540e-01 9.488472531217464478e-01 -8.455556111919938500e-01 5.752458246861495983e-01 4.227647348854389753e-01 2.783629939510332552e-01 6.543845508606352945e-01 -1.625070741024408516e+00 1.832770444320114045e+00 -1.008382716351666986e+00 -1.165350959580033319e+00 2.712632096316300312e-01 2.850263038486839484e+00 4.753454400379391043e-01 -1.316650925389656113e+00 -8.571722386102837987e-01 -3.656735663147422377e-01 1.085285128651664710e+00 -1.300393745672050017e+00 1.081938276101217067e+00 -1.029117674029707441e+00 -6.541413724659915774e-01 -1.020128986842241625e+00 -4.506713599775389323e-01 8.643266646414464738e-01 2.046698601911972060e-01 2.799733311031135763e+00 -1.836430421819402081e+00 5.443810411731859755e-01 -9.401973952715251270e-01 -7.802710650892292765e-01 -1.173936168348639342e+00 2.841688586547305828e+00 1.085581539333969170e+00 -3.430856342601513731e-01 2.283094530383320830e-01 -1.123371564035544612e+00 2.350755416670947118e-01
-6.388803091852759408e-01 -2.212784772656357923e-01 4.449562300324261255e-01 -2.925873737097492100e+00 -7.692896600865414269e-01 1.526986746942335715e+00 -9.093263791531934759e-01 5.104665415637340553e-01 -2.112740497228131176e+00 -8.057991421576736757e-01 -2.789606966962474011e-01 5.139082005784186613e+00 -1.226066482863104712e+00 -2.569257478138237474e-03 3.709030241173669196e-02 1.890792822588226230e+00 4.451459581114298736e-01 -1.087184660038473583e+00 1.414670300607481224e+00 -4.224467535541698848e-01 1.302604566685690246e+00 5.122165176356791028e-02 -9.504246612869324817e-01 2.978607901174827877e-01 6.369317550935805761e-01 -2.338856750551943531e+00 2.801079902193559512e+00 -2.294678949750511787e+00 -1.909311595342150891e+00 2.495210010648764243e+00 -1.423454110379884341e+00 2.012050530847912244e-01 6.081187419657293480e-01 -5.652429236954291669e-01 2.124188324397474903e-01 -5.021558858907977374e-01 -6.755972221750170537e-01 -1.129889473077421158e+00 1.111947546538762044e+00 -1.133115562948924460e+00 2.108211838466036880e+00 5.451641304161297663e-01 -2.844036399555790684e+00 1.193957625864134675e+00 6.131978106389643912e-01 4.094419489598139172e+00 -2.115376862686906834e-01 -1.714000404523445598e+00 1.018427280808915203e+00 8.429989173193137841e-02 1.440899459881834099e+00 1.378571630347502852e+00 5.292198771812377522e-01 -1.864322913623900790e+00 -3.275232416550570846e+00 -1.885933522374566795e+00 6.637025566801443843e-02 2.110756411649425401e-01 -5.857123095516063582e-01 1.227659488928300596e-01 9.010149082018289457e-01 1.878242701865655118e+00 1.533135348072379167e-01 -1.939872797199593935e+00 5.015885832286799406e-01 -3.531538044138359811e-01 1.375250943073624166e+00 4.688951921815837087e-01 -1.085096489229449290e-01 -1.595808201347911126e+00 4.653959517917627964e-01 1.937144625018857980e+00 -4.930545295503580561e-01 -6.020166869019114575e-01 -6.254924575993141556e-01 4.973484696087672186e-01 -1.534813655852189429e+00 -2.674147109599189220e-01 1.175222475749402307e+00 8.961585268237010071e-01 -1.209970291211897031e+00 -1.290146564176479327e+00 -2.937955977427650911e+00 -1.020811211411702724e+00 1.721423082987528108e+00 2.315830812703586261e+00 -5.209639456027349569e-01 -2.153950395221319258e+00 1.987227624233048662e+00 1.924977070912162525e+00 1.366582221592893276e-01 -4.012755684687048241e-01 -1.541057822528502097e+00 8.653498044588625593e-01 8.702626900453488967e-02 7.919579667740105078e-02 5.598334438945021807e-01 -1.623184891627537652e-01 1.384841011999959681e+00 -4.017186524434792072e-01
7.726219716602859833e-02 1.217064209212976644e+00 1.859759353441402530e+00 1.591990615025658418e+00 -4.187115588365366570e-01 -4.518965179457981596e-01 5.285711154092269659e-01 -1.156026455987404278e+00 1.716470672756255089e+00 -2.055048854151597659e+00 -4.277498943672743970e-01 4.338927604523103443e-01 2.472159242507046439e+00 2.252061504706374784e+00 6.083538853603096541e-01 4.740278996936725386e-01 9.343936347826736766e-01 -7.717567400130944666e-01 -3.420237866355574363e-01 1.206644060279163266e+00 1.364084894537683113e+00 1.281686811030465778e+00 -1.933433947932337027e-01 2.030379141690522360e+00 -1.629480159023224406e+00 -1.008534159801740770e+00 5.022688758195049674e-01 -3.838764636745629205e-02 -2.237025212617451686e+00 -3.640031137492897084e+00 1.578289744240503722e+00 6.232142512538269008e-01 -4.122527318704458654e-01 9.456642951103740868e-01 -1.979901790875128631e+00 -2.912927525350365698e+00 6.131527945979442507e-01 4.124313420911779882e-01 5.252443955422605448e-01 5.457592806958467824e-01 -1.083716524217722965e-01 2.508560189400484419e-01 -1.504608193202485289e+00 -7.727184098462892559e-01 1.040753270549380938e+00 1.003077842920078178e+00 1.023629687234309138e+00 -1.981356617945469356e+00 3.111068757867927470e-01 -2.277733738955469989e-01 7.676076116584865106e-02 -5.032886375383103239e-01 -1.083781668127818537e-01 1.404436763004215827e+00 -5.504543094921560131e-01 -4.826007850042733360e-01 -1.847837786541455030e+00 1.177101081481820855e-01 -3.254281716773883559e-01 -9.913649626417614380e-02 1.171861875045083323e+00 3.887463451608079157e-01 -1.124509432840504308e+00 5.630641127968551984e-01 5.795712466562092935e-01 4.359394047056737720e-01 -1.315662340659454477e-01 4.308803663648509974e-01 7.183494356146474802e-01 5.701501329839788745e-01 -4.591797486664699335e+00 -6.194884446937314326e-01 -2.202713850025215692e+00 1.109706773901464993e+00 1.357356347779400174e+00 -8.065056443233320493e-01 4.779672745956872748e-01 1.542594498483352561e-01 -2.795431231145088624e+00 2.337429265509703979e-01 -9.854603841617534110e-01 3.014523965593915444e-01 1.682923916462227609e+00 7.152889464571199341e-02 1.513836697789755714e+00 -1.858366323786253549e+00 2.259941352064318010e-01 -6.231250762221907102e-01 4.578845436504991540e+00 -1.521062951331445090e+00 1.761977118429197464e+00 -1.043693284669900745e+00 -8.604131614923539173e-01 3.204761260134646461e-01 -1.352117345031967011e+00 -1.365965364291313877e+00 -4.353835558364524405e-01 5.630134248941069952e-01 1.128104411362160081e-01 2.854953687388287475e-01
-2.202539935609024724e+00 -9.533725237030018507e-01 -1.869300819869935681e-01 -9.384531735209725722e-01 9.150057835022231689e-01 1.309025279808683495e-01 1.256126096132226699e+00 2.533589956779015995e-01 2.537897199483537314e+00 1.355857984997185905e+00 -1.406021316464246995e+00 2.294084686825795583e+00 1.950509567705887903e+00 -1.018470523862642502e-01 1.002406254600364699e+00 -1.154164240621169402e-01 -2.615604056772398711e-01 -9.779081328526806338e-01 1.385980471198320796e+00 -8.863956623011696179e-01 2.771920892220024468e-01 -2.440649745617364808e-01 -2.161058794629266977e+00 1.965150916079265064e+00 -3.092638625491637705e-01 6.736952763487240314e-02 -2.202081230154358860e+00 1.391638533003468847e+00 -1.287198250003038336e+00 -3.017131239799491382e+00 9.349268316881774454e-02 1.544608822371333900e-01 1.873705359044651075e+00 -6.754215923034010416e-01 4.465460453366525972e-01 -8.023273870420004616e-01 6.441697713419721749e-01 9.463011635133370403e-01 -2.987634597942971926e-01 2.632184312111559010e-01 -3.927914266978638658e+00 -9.574818375151816774e-02 2.088844963466961691e+00 -1.359615406405421112e+00 4.435987938130537822e-01 2.449858095543245184e+00 -6.755334823856455895e-01 4.107495978505404932e-01 8.043576895992091691e-01 9.623275103978921052e-01 7.890320788401340435e-01 2.089161957697954097e+00 8.660907676157463264e-01 -1.525017784573186930e+00 9.142979743095055456e-01 1.743106243509757736e+00 1.414953249096392085e+00 -1.576369499169062216e+00 1.964697042005483452e+00 6.568607726180981654e-01 -5.343690791701983800e-01 1.745663900629376375e+00 -1.016604460128701870e+00 -1.740048875926361871e-01 4.172419735555426001e-01 -1.128760607346347866e+00 -1.832655612241147480e+00 4.879029593926158093e+00 3.306133444454463222e-01 -4.813917127880891766e-01 3.412103362325963340e-01 -7.715153344209720043e-02 2.127941259377549077e+00 4.175001353648057356e-01 -8.883517133309800640e-01 6.076250047806469601e-01 -8.186455490328262696e-01 -1.780684370038932096e+00 5.305579885822845343e-01 -5.112280670651490055e-01 1.367432661403052974e+00 -2.249393836459672169e+00 -9.994329653451221596e-01 -1.242072467175390438e+00 -9.246371692427256539e-01 4.275993160921455205e-01 -2.245827960095346243e-01 -5.901147443346522747e-01 -2.138208530936486440e+00 -7.211467825834109169e-01 -1.303419216973330297e+00 -1.646796586028102638e+00 -1.446535691230307119e+00 -8.774017739069115418e-01 -6.285000646768079680e-01 2.139352021825781380e-01 -1.390020878917927805e+00 5.380455308378977453e-01 -1.160002763261138853e-01 1.270723076059449452e+00
