# 
#                 ----------------------------------------------------
#                 Data from a 3D direct N-body simulation. 
# 
#                 rows are i-particle; 
#                 coumns are :mass, tag, x ,y, z, vx, vy, vz, ax, ay, az
# 
#                 NTHU, Computational Physics 
# 
#                 ----------------------------------------------------
#                 Time = 0.0
0.000000000000000000e+00 1.000000000000000000e+00 2.000000000000000000e+00 3.000000000000000000e+00 4.000000000000000000e+00 5.000000000000000000e+00 6.000000000000000000e+00 7.000000000000000000e+00 8.000000000000000000e+00 9.000000000000000000e+00 1.000000000000000000e+01 1.100000000000000000e+01 1.200000000000000000e+01 1.300000000000000000e+01 1.400000000000000000e+01 1.500000000000000000e+01 1.600000000000000000e+01 1.700000000000000000e+01 1.800000000000000000e+01 1.900000000000000000e+01 2.000000000000000000e+01 2.100000000000000000e+01 2.200000000000000000e+01 2.300000000000000000e+01 2.400000000000000000e+01 2.500000000000000000e+01 2.600000000000000000e+01 2.700000000000000000e+01 2.800000000000000000e+01 2.900000000000000000e+01 3.000000000000000000e+01 3.100000000000000000e+01 3.200000000000000000e+01 3.300000000000000000e+01 3.400000000000000000e+01 3.500000000000000000e+01 3.600000000000000000e+01 3.700000000000000000e+01 3.800000000000000000e+01 3.900000000000000000e+01 4.000000000000000000e+01 4.100000000000000000e+01 4.200000000000000000e+01 4.300000000000000000e+01 4.400000000000000000e+01 4.500000000000000000e+01 4.600000000000000000e+01 4.700000000000000000e+01 4.800000000000000000e+01 4.900000000000000000e+01 5.000000000000000000e+01 5.100000000000000000e+01 5.200000000000000000e+01 5.300000000000000000e+01 5.400000000000000000e+01 5.500000000000000000e+01 5.600000000000000000e+01 5.700000000000000000e+01 5.800000000000000000e+01 5.900000000000000000e+01 6.000000000000000000e+01 6.100000000000000000e+01 6.200000000000000000e+01 6.300000000000000000e+01 6.400000000000000000e+01 6.500000000000000000e+01 6.600000000000000000e+01 6.700000000000000000e+01 6.800000000000000000e+01 6.900000000000000000e+01 7.000000000000000000e+01 7.100000000000000000e+01 7.200000000000000000e+01 7.300000000000000000e+01 7.400000000000000000e+01 7.500000000000000000e+01 7.600000000000000000e+01 7.700000000000000000e+01 7.800000000000000000e+01 7.900000000000000000e+01 8.000000000000000000e+01 8.100000000000000000e+01 8.200000000000000000e+01 8.300000000000000000e+01 8.400000000000000000e+01 8.500000000000000000e+01 8.600000000000000000e+01 8.700000000000000000e+01 8.800000000000000000e+01 8.900000000000000000e+01 9.000000000000000000e+01 9.100000000000000000e+01 9.200000000000000000e+01 9.300000000000000000e+01 9.400000000000000000e+01 9.500000000000000000e+01 9.600000000000000000e+01 9.700000000000000000e+01 9.800000000000000000e+01 9.900000000000000000e+01
1.000000000000000056e-01 1.000000000000000056e-01 1.000000000000000056e-01 1.000000000000000056e-01 1.000000000000000056e-01 1.000000000000000056e-01 1.000000000000000056e-01 1.000000000000000056e-01 1.000000000000000056e-01 1.000000000000000056e-01 1.000000000000000056e-01 1.000000000000000056e-01 1.000000000000000056e-01 1.000000000000000056e-01 1.000000000000000056e-01 1.000000000000000056e-01 1.000000000000000056e-01 1.000000000000000056e-01 1.000000000000000056e-01 1.000000000000000056e-01 1.000000000000000056e-01 1.000000000000000056e-01 1.000000000000000056e-01 1.000000000000000056e-01 1.000000000000000056e-01 1.000000000000000056e-01 1.000000000000000056e-01 1.000000000000000056e-01 1.000000000000000056e-01 1.000000000000000056e-01 1.000000000000000056e-01 1.000000000000000056e-01 1.000000000000000056e-01 1.000000000000000056e-01 1.000000000000000056e-01 1.000000000000000056e-01 1.000000000000000056e-01 1.000000000000000056e-01 1.000000000000000056e-01 1.000000000000000056e-01 1.000000000000000056e-01 1.000000000000000056e-01 1.000000000000000056e-01 1.000000000000000056e-01 1.000000000000000056e-01 1.000000000000000056e-01 1.000000000000000056e-01 1.000000000000000056e-01 1.000000000000000056e-01 1.000000000000000056e-01 1.000000000000000056e-01 1.000000000000000056e-01 1.000000000000000056e-01 1.000000000000000056e-01 1.000000000000000056e-01 1.000000000000000056e-01 1.000000000000000056e-01 1.000000000000000056e-01 1.000000000000000056e-01 1.000000000000000056e-01 1.000000000000000056e-01 1.000000000000000056e-01 1.000000000000000056e-01 1.000000000000000056e-01 1.000000000000000056e-01 1.000000000000000056e-01 1.000000000000000056e-01 1.000000000000000056e-01 1.000000000000000056e-01 1.000000000000000056e-01 1.000000000000000056e-01 1.000000000000000056e-01 1.000000000000000056e-01 1.000000000000000056e-01 1.000000000000000056e-01 1.000000000000000056e-01 1.000000000000000056e-01 1.000000000000000056e-01 1.000000000000000056e-01 1.000000000000000056e-01 1.000000000000000056e-01 1.000000000000000056e-01 1.000000000000000056e-01 1.000000000000000056e-01 1.000000000000000056e-01 1.000000000000000056e-01 1.000000000000000056e-01 1.000000000000000056e-01 1.000000000000000056e-01 1.000000000000000056e-01 1.000000000000000056e-01 1.000000000000000056e-01 1.000000000000000056e-01 1.000000000000000056e-01 1.000000000000000056e-01 1.000000000000000056e-01 1.000000000000000056e-01 1.000000000000000056e-01 1.000000000000000056e-01 1.000000000000000056e-01
4.331440299867247434e-01 -7.578154887406680640e-01 1.266936436542366318e+00 -2.959185500022984416e-01 1.350712954939564003e+00 -9.132420915627907920e-01 5.298068346819276853e-01 -9.301825116370430191e-01 5.668948717154578265e-01 -7.468273772669831168e-01 2.713164416712689486e-01 -1.834717536356580858e+00 7.237876361992159335e-01 1.213238739416705458e-01 -7.215211289755265600e-01 2.082185764205903844e-01 7.382326872606139734e-01 -3.489901036868273132e-01 -1.101891743322986672e+00 8.065165975901265050e-01 5.617967077581995650e-01 -8.825074575420821521e-01 2.705171961473472608e-01 -2.845293330033286106e-01 -2.123308191673584311e+00 -2.470277438675987647e-01 1.841811387323253335e+00 -6.255391148553430813e-01 -3.775343095292330586e-01 -1.163473205490714424e+00 3.281640020729183149e+00 1.249180439014628607e+00 8.162455852137037171e-01 -1.313911133015389865e+00 9.781667824151025759e-01 -1.011131562518781335e+00 -8.077834512766870478e-01 6.891241055142500738e-01 -5.258721298366078045e-01 1.780334832943741397e+00 5.549081493864996273e-02 -5.053762328134525639e-01 6.524137189018844873e-01 -1.322464292556052856e-01 1.288693709472350957e+00 3.672874568053876576e-01 7.365832186949043958e-01 7.711442247326503185e-01 5.232056839428855799e-01 -4.891232609004126930e-01 -7.677785929551323996e-01 2.059766757572684348e+00 -9.172556006010721408e-01 -3.659698008907477096e-01 -6.038673071892830535e-02 5.304517190675208660e-01 2.323675583495784791e-01 -2.637781237363852060e-01 6.235484544910954163e-01 2.999208995599353389e-01 4.673697007695711836e-01 1.203583297028122667e-02 1.978144474264235342e+00 -2.348159148965443421e+00 -8.087952699117573196e-01 1.510928562451653967e+00 1.354713495753783192e-01 2.592939534863455409e-01 1.047490065887702659e+00 -9.100294100389227925e-02 -3.823916051761042656e-01 5.403886747611974517e-01 8.918736092336303489e-01 -3.152782836335511485e-01 2.017433248678326962e-01 1.990456207477804718e+00 3.007552413008475756e-01 -9.096723880226181835e-01 -5.164721452462248674e-01 4.527430097189099056e-01 1.499902231414653730e+00 -6.475730868180706867e-01 1.395734159992564560e+00 -5.237231512836006964e-01 7.376751323720756037e-01 1.706406202470416300e+00 5.292000970396995019e-01 -9.490095169649332973e-01 4.902734065787033718e-02 -1.221141904928263910e+00 1.879352962408132321e-01 6.913601467038215098e-01 2.931796505306638601e+00 -6.389371680060891290e-01 -5.587118474072769736e-01 8.590954987969519063e-01 6.140996809086103347e-01 5.682846996515134030e-01 -1.469119230441409685e-01 2.814171850861917346e-01
-1.610895316333554206e+00 3.281726685503427166e-01 8.074461255002099436e-02 2.522847214284308359e-01 -1.427939305840450757e-01 2.879797887701245895e-01 1.195423448550395840e+00 -8.890619049126624596e-01 4.878782784741562684e-01 -2.606220422066444775e-01 -4.626709045955734734e-01 -1.013800539321419336e+00 -6.352991344002364982e-02 3.942789531692487276e-02 -1.477506819447637287e+00 -1.047096272602680900e+00 2.344896001524224283e-01 -3.893336328245184386e-01 5.893008745412818827e-01 -7.592120677871387890e-01 -6.543075163091225388e-01 2.853075603795924842e-01 -9.758304189275401885e-01 -2.281713503829178702e+00 -3.943086502522181180e-01 3.408876972628106100e-02 -1.873970990327167296e-01 3.525155285517617837e-02 -4.558043676615398943e-02 -1.818975903383240444e+00 -2.047989719514185403e+00 -1.607566865535966283e+00 -4.450547689366585180e-01 1.489030052420562189e+00 4.176922351774117748e-01 -1.055684283458742989e+00 8.135077851330092813e-02 -1.342324622794896172e+00 2.812409559682786664e-02 6.326755463854496497e-01 1.685073220024897012e+00 1.017329337341247086e+00 -7.540336532501272782e-01 -2.004361890405663149e-01 -5.071998892423139615e-01 -1.003026702834789896e+00 -1.437749891305507288e-01 3.905465893692799950e-01 6.266836092201333308e-01 -7.687279882164367306e-01 3.198955524305037379e+00 1.764194706388360956e+00 3.834474321003512598e-01 4.428612532452416706e-02 -4.230705339546795285e-01 -4.672553008292869570e-01 -7.703168269637901133e-01 -2.199636109366883974e-01 6.891069261844745553e-01 6.837337644290369942e-01 -2.231426465787406110e-01 -7.954056119392203250e-01 -6.468048646169852756e-01 3.013680626581903610e+00 4.994038913899178644e-01 -1.157104428274336794e+00 -1.724775709002401847e-01 -6.199299295412410427e-01 -1.860449949212569232e+00 -1.167446173918720298e+00 -6.906174549767578608e-01 5.720401210734466640e-02 1.407052228232975877e-01 2.098629759270554673e-01 3.014394862020634003e-01 -2.032393074194907001e+00 -1.066624738314474907e+00 1.122925532105981006e+00 3.956911793106272945e+00 8.014234146391502334e-01 1.336304233360200433e-01 5.881608542794711791e-01 1.186278565888469583e+00 -5.353975187035662220e-01 -3.078881530593292545e-02 9.338048969287202627e-01 -1.069960966340872011e+00 4.592575445578768178e-01 -1.087516365366362869e+00 -1.584492283648674338e+00 1.292817667540200818e-02 1.855573822096584224e-01 4.797406752086169623e-01 4.747180370740573530e-01 -2.258891924851613164e-01 -2.534601112399357703e+00 -7.985491930455910214e-01 -1.190770323434177769e+00 1.348158293958608311e+00 -6.208211006392354570e-01
2.151193638327175139e-01 -1.228221524431444944e+00 -7.310641449514965196e-01 -1.098215589650526791e+00 1.834148529292237428e-01 -1.376966481047174451e+00 1.670308431490156176e-01 2.051898538955402973e+00 -9.751435062224395045e-02 -2.694831845617147170e-01 4.761801135846951416e-01 -6.987556716175005178e-01 -1.334825728648200371e+00 -1.097331173392148834e-01 1.022398694646232398e-01 1.202470483147479730e+00 7.898545038209227320e-02 -7.030855940242597413e-01 1.220927102303837053e-01 -1.754028968608319028e+00 1.727976870111433527e+00 7.734236553653518476e-01 3.112180365022599871e-01 -9.429753949817027969e-01 7.479200237918590677e-01 -1.254688624576251854e+00 -4.703933457047257405e-01 4.967589332531142654e-01 6.402321571990992055e-01 -9.796502713918655569e-01 -6.663880270095043912e-01 2.927314712375360450e+00 -4.459618625928785662e-01 1.768865493885523499e+00 -6.758673162262154310e-01 -1.661775236941357647e+00 2.973964377626292510e-01 1.275151742957315815e+00 2.167630723299829032e-01 -2.776710314504291510e-01 -4.140540251363935553e-01 -2.609969359059384209e-01 -3.539246879930676437e-01 2.566500726343347583e-01 -7.556707961103187321e-01 4.619790064498748849e-01 -1.800869641121982667e+00 4.520646681872581008e-01 8.354274982269357386e-01 -2.919098814691840627e-01 -8.052403108672998577e-01 -1.338048102650079674e+00 1.340261115089313115e+00 -4.659753252201735418e-01 1.362507839711582402e+00 -1.590674889754545851e-01 6.622155422385274104e-01 1.972357189744984862e-01 -4.536242940769098508e-01 7.216450418648716614e-01 5.006816681362380450e-01 -5.178263844414184858e-01 -2.925502119576899318e-01 1.133255028845547296e-01 4.274296852208765429e-01 1.727225571304664142e-01 1.127217476219919412e+00 3.780179458924992630e-01 -1.548242208798658703e+00 -7.803211512525667359e-01 -3.462532478062443353e-01 -4.901773004712139392e-01 9.727154188544554492e-01 -8.679694459320208555e-01 -7.542669035792390342e-02 8.079125266375439818e-01 -1.068895148765393488e+00 -6.285100791566138323e-01 -3.079017027840721399e-01 -9.696659840298391675e-01 1.042673198071938367e+00 4.893299961764112638e-01 2.222600943101954996e-01 -4.795490544945708866e-02 -7.386442536773522027e-01 -1.756085255677885648e+00 4.159427591832084437e-01 2.248362774215054483e+00 -2.468651894609504571e-01 -1.481425998305470060e+00 -1.072233868643980570e-01 7.311671296807077669e-02 1.417568889475045779e+00 3.628509016884126082e-01 6.668712521560455908e-01 6.514189324122252600e-01 -5.052517419610158544e-01 1.229059489021672391e+00 6.225568653748227987e-01 7.234808751821009132e-02
-6.201661015478263650e-01 1.545598807831145560e-01 -1.036633363029223265e+00 2.680787372571625804e-01 7.424763399112171980e-02 1.415292288782824315e+00 -2.732190237021400736e-02 -1.294697476281307935e-01 -1.684896172531586966e+00 1.408568491025690150e+00 3.272295838755679420e-01 6.245520276864209297e-01 -3.147256536638636804e-01 3.882182371305067936e-03 6.797105107774860377e-02 6.196668525913341385e-01 -4.282086040898025470e-03 -1.666798920610566004e+00 1.858167799247063268e-01 -7.855563071111364426e-01 -1.036102630851853945e+00 1.333409781697642016e+00 1.414291664489079725e+00 1.007191814610683078e+00 6.214480905427897106e-01 -7.592906751862681380e-01 -1.082687845046234942e+00 1.502527443582390765e+00 -1.719182272245740384e+00 -2.369787265283776811e+00 -6.531497411601405734e-01 -3.314564673081409896e-01 1.066037702346969374e+00 5.423063971951922468e-01 2.038180559776754386e+00 1.839087479431568362e+00 -7.422631973991599130e-01 -1.451918228457620419e+00 -9.337125472013936278e-01 -8.791074617224889920e-01 -2.199803858291612180e+00 1.169236690022674496e+00 1.522856882333721296e-01 9.934044951712908689e-02 -1.321353236173831380e+00 1.186416237535575569e+00 3.989174810974538410e-01 7.269081064157579819e-01 -3.913466659315271295e-02 -8.586137409180731872e-01 -1.516874409610936558e-01 7.070062147193734159e-01 1.554759595359327395e+00 1.445021517362818031e+00 -1.331333403062759491e+00 2.994820548216521328e-01 2.454356477507214418e+00 7.074955014329045166e-01 1.477830516104491121e+00 -4.996930618469109797e-01 -4.995984151720853084e-02 -1.288250248837445211e+00 -1.135018875808346372e+00 -3.813538127015576595e-01 -1.782800349861103584e+00 -1.662551789298177263e-01 -3.817674571265827765e-01 1.040471746098840189e+00 4.292332230214545019e-01 -7.655159370739581526e-01 -1.581535917049978313e+00 -2.773845688177062341e-01 3.001234070616221050e-01 3.755462731613389282e-01 7.348018719701953083e-01 5.327279493106784614e-01 1.575417337771994664e+00 -2.754033076528382695e-01 -7.336134557544367329e-02 -2.701961959953582126e-01 5.965109259663953223e-01 1.039038685025267750e+00 9.188327892387304630e-01 2.598802994287296997e-01 -7.229444628288017594e-01 1.751356763259829252e-01 2.072930587865279506e+00 4.092957299625046841e-01 -8.433783872765931999e-01 -1.385291990190669287e+00 8.997544152149022922e-02 1.667809162542155832e+00 1.359584684050480163e+00 8.240330003606963771e-01 1.591390773691139238e+00 -7.059584556488962548e-02 6.093589740961140588e-01 2.684434063793436742e+00 7.025159510842793331e-02 -3.127967092843858543e-01
8.070042848485290410e-01 -8.271544133922430486e-01 1.951999106035529619e-01 -1.589204017990521134e+00 -2.214981657844592444e-01 1.305469966518045576e-03 4.434311947812109855e-02 -1.023324216743505044e+00 -1.179827104476614430e+00 1.979522365418489249e+00 6.575223392597053795e-01 -6.746630928243354530e-01 -1.016726180349803110e+00 -1.187350544164720967e+00 -1.886300489085316112e+00 7.385994837769843668e-01 -8.556166694956057750e-01 -1.516243155586174396e+00 9.486603575219496598e-01 8.112523567139768854e-01 -2.849614044397589391e-02 2.795312086143495911e+00 -6.525315577561663360e-01 -3.414912145679285249e-01 -1.278465123561097982e+00 5.835596056326863845e-01 -1.525501233308002913e+00 1.547576986089650219e+00 -5.295045228867323317e-01 -1.106984849463541032e+00 1.258571573859913473e-01 5.391421113629524253e-01 1.651781204956208171e+00 1.695029643321407153e+00 -1.118947689675638291e+00 -7.988895799132120779e-01 7.097401530805418357e-01 1.489552262333558641e+00 7.184111048084782514e-01 5.280131577239171037e-01 5.109166419079433918e-01 -1.067504973816535863e+00 2.118225749551329251e+00 -8.701915839727347723e-01 -8.918766590361792979e-01 -1.373622032855295494e+00 7.886987445512951833e-01 -2.577526287240069713e+00 3.526108756417054568e-01 -3.004593505371431217e-01 -2.014534340727229256e-01 2.801419266770029393e-01 2.031729376801937548e+00 -2.882571633440297099e+00 2.880814536651762348e-01 -1.376224217270687333e+00 -2.313788630332083707e-01 8.158794366195314396e-01 -9.726527444886952090e-01 -1.077898391160115210e+00 -3.398967044725500347e-02 4.009516512283290979e-01 5.271425474929516408e-01 3.064390021408488485e-01 4.203271770907398563e-01 -8.216529608676264029e-01 9.295716187854964341e-01 -7.418639129824053935e-01 5.493282144611872919e-01 4.859208409583181676e-01 1.192894562925537194e+00 6.057220347700988938e-01 1.685412240808494833e-01 4.525553010657720199e-01 -1.284613756443253596e+00 8.076440153479786943e-01 4.281593592003898330e-01 -9.197388077387458338e-01 1.797873831078944606e+00 -8.930896147298392762e-01 2.824066198346500300e+00 -1.106811480410299531e+00 -1.103067414114977940e-01 -8.143678684527929645e-01 -3.859119429365724663e-02 -5.139925582603931398e-01 2.226326878181609459e+00 -9.218061545905170684e-02 6.756922426018763250e-01 2.050614650529713479e-01 -2.922762490188979267e-01 1.761642416681085788e+00 1.104430988422673510e+00 1.012325861751287803e+00 4.512500227427638233e-01 -2.783891129269621123e-01 2.530355884620534290e-01 -1.016061566922794368e+00 1.284847769201771905e+00 -1.197961035934171026e+00
1.183429306408452925e-01 5.544032335784346982e-02 -2.094060320544529064e-01 1.042186462318708484e+00 1.161319065772250803e-01 6.517487269107717918e-01 3.155860045556287963e-01 5.212039177737147477e-02 -1.766459390879335345e+00 8.970000190902036596e-01 -8.925601899806046013e-01 -8.749361250081727492e-01 8.469047744764561791e-01 2.965298407376395939e+00 -1.693277186408179702e+00 2.353974339959974849e+00 -3.999276536191123665e-01 -2.032123588047479501e+00 6.771896787235271997e-01 1.212448016869944745e-01 6.336084970053068588e-01 5.163009756909689996e-01 -1.146302559144722899e+00 -9.452231470791243595e-01 7.113169947551498673e-01 1.420218609604145144e+00 -7.285035294569210951e-01 -5.551571948189043537e-01 1.132788202035448277e+00 3.953995475979157348e-01 3.107371653652556409e-01 1.529567085903225543e+00 3.603825680895176298e-01 1.962494077619825195e+00 4.456887901387561191e-01 -7.723157755401343083e-01 -1.337391231695168603e+00 7.178349514878641369e-01 7.467647261944105885e-01 4.453579193238925704e-01 -8.534694930387058953e-01 -6.151742761879812615e-01 -7.516966683281891548e-01 -8.894577876441804865e-01 6.441610786860612059e-01 1.364625165545672036e+00 -6.118170438246610665e-01 1.209551536469463340e+00 2.467136479197996835e+00 -1.934959651198025599e+00 1.014469043410628935e+00 -2.980053294224160876e-02 -6.048171337692905825e-01 2.763627145183421563e-01 -1.512652551524233502e+00 1.262653296085870236e-01 -2.097217318145183917e-01 -2.798674896450893623e+00 -2.715586706971047093e-01 -1.678144469906406755e+00 1.954660917012427834e+00 -9.292636118664582279e-01 1.879004396304649882e-01 3.815508866859156356e-01 1.027535290222995723e+00 -1.291442154220249217e+00 -2.675497911198620460e-01 -6.003980612851127496e-01 -1.602855189560626670e+00 1.373660363008997631e+00 6.566074678924255226e-02 2.947374986143871389e+00 -2.047821156823337763e+00 -4.474683221598754757e-01 -1.043247865988790268e+00 3.451244234178843517e-01 1.206792794105353117e+00 6.467367270829503800e-01 -6.162927609444659137e-03 1.038306042922793715e+00 1.012918125126954560e+00 -1.143157587807156261e+00 3.876484122926385778e-01 -1.030953212085300219e+00 1.242334694496976866e+00 1.715793231152867859e-01 2.081399076520892288e-01 -1.949906037932506164e-01 -1.731587875431789714e+00 1.994187242720099063e-01 -7.735900133115602983e-01 7.430269240691727006e-01 1.300286011823504062e-01 2.042496402991159421e+00 1.424834478366498347e+00 1.912361654620889917e-01 1.893894289601036451e+00 5.302879184887484554e-01 -6.104084150679550680e-01 -8.632434500000578659e-01
-4.062515899915082884e-01 4.153575660718754614e-01 -2.377812541957980752e+00 3.887319403899263115e-01 -2.424068240739674973e+00 2.928616190939319353e+00 -5.679227759502232242e-01 6.499168671184842871e-01 -8.388116330808145227e-01 3.259709170561814418e+00 -3.663316187626942666e-01 1.355841561539854023e+00 -6.788868185726800730e-01 1.851933392265006617e+01 1.328413464181442905e+00 8.662171536397691440e-01 -1.723007940716497544e+01 1.245125638499793075e+00 2.922438549410142361e+00 -5.901529328723669199e-01 -5.986989118361214501e-01 2.608448507533486893e+00 2.165914853386050165e+00 1.830360526369836094e-01 1.307851294479924098e+00 6.062831981183439134e-02 -2.104106324081675083e+00 2.279472986591563277e+00 -8.879932127469641889e-01 8.333195632201081393e-01 -5.862989548476533752e-01 -2.502463512094769138e-01 -2.578317771641462031e+00 5.519627028230610355e-01 -1.780859663761738432e+00 6.977872656921713101e-01 4.644049578045195581e+00 -2.365307810843673586e+00 1.135190622554345108e+00 -1.789650989139365045e+00 4.106227212364262080e-02 7.156423630869643837e-01 -2.464699546357856264e+00 -3.541552630354097619e+00 -2.045020717270782828e+00 9.539108710398366830e-02 -4.784976601483871828e-01 -1.922517836101818700e+00 -1.757704097891265693e+00 5.650351389149811610e+00 1.873054301179220560e-01 -6.237569719297354487e-01 1.154616104094316142e+00 1.471664303136107410e+00 7.650941261134714955e-01 -1.403345632852085689e+00 5.899640360490772117e-01 4.612819802394056090e+00 -8.003477399912179990e-01 1.007477152052979497e+00 -2.096024360184226776e+00 9.823266907092920164e-02 -1.934101768204664618e+00 3.869906289337960992e-01 6.484626860262263648e+00 -1.600793535402111223e+00 -3.196572780468767139e-01 7.174339448811634101e-02 -5.059202517297918256e-01 7.717309064514338290e-01 -1.832447309392435164e+00 -4.186905430965400798e-01 -1.455046271775606304e+00 9.621705466674136398e-01 3.627674493335399375e-01 -8.067444567580767112e-01 -4.356640043968794673e-01 1.278821651176657026e+00 3.512202527616881814e-02 -2.339928550072649105e-01 -1.647623261533280203e+00 -9.494142571144383869e-01 -1.214534789483985966e+00 2.456804595852339901e+00 -1.352694288223202479e+00 -7.096866896838042171e-01 -5.042030529553126250e+00 4.671074144951641305e-01 3.546191346856039095e-01 8.560024130134145093e-01 -1.778947551681475758e+01 1.261349553419426250e+01 -7.415300673089639805e-01 -1.723888843912403157e+00 2.601335689947152918e+00 -2.931183804542026872e-01 -4.068573393881507738e-01 3.300834241876303143e-01 2.880836272160425815e-01 -2.116685718022635609e-01
2.763894935145148057e+00 -1.240095734044388553e+00 -4.547043509152731144e-01 -2.166732317328183832e+00 7.577592435167154750e-02 -1.709054152399888116e-01 -2.336291874033260996e+00 4.752104453622624791e-01 -3.224798175290167990e+00 7.283419579254445803e-03 -1.914847109125812352e+00 4.445837634233201219e-01 -2.612020683643809793e-01 -7.251512392197415835e+00 1.834415676918043303e+00 1.228265153324042291e+00 -1.619312139763866654e+01 5.464226289927864855e-01 -1.562306246233128082e+00 7.836330956454735652e-01 1.967806729913200159e-01 -6.232876030577154669e-01 2.725536225028823978e+00 1.355482121860383415e+00 2.024338615762533711e-01 9.578355072177819896e-01 -1.865703106416881918e-01 -2.801769086460837999e-01 -8.056532115801029459e-01 1.168174780594564588e+00 3.490704391546326502e-01 3.125098073885784200e-01 2.121754696770662418e-01 -7.073389093837832986e-01 -1.745288126279221919e+00 3.108893868086282652e-01 7.173316851125026428e-02 3.336963883411855569e+00 -6.895202532503130755e-01 -9.663922697506058812e-01 -1.798255937434253271e+00 -1.975217060424096616e+00 1.640802807151024778e+00 -3.577616264276670122e-01 9.708722430048486451e-01 2.574543054970091838e+00 -1.699021513728654620e-01 -1.688203904180704651e+00 -1.503480070692113202e+00 4.973662541490973865e+00 -5.727931824548212481e-01 -7.062933635283571432e-01 -6.305329729287439955e-01 -1.057441159815366571e+00 5.210294807822053453e-01 2.616669882820802928e-01 1.531433619557591275e+00 1.353058989002920098e+00 -2.682125154631730179e+00 -2.220984696946056935e+00 -1.043622691877768904e+00 1.282991715042244740e+00 7.806969478529632855e-01 -4.304573737524889920e-01 -1.676717842880384390e+00 1.189845332785046450e+00 -6.341465692491897732e-01 2.429698734064066556e+00 9.413595519281909851e-01 2.320034514979504525e+00 -7.058601041890245620e-01 -8.052368101812070744e-01 -4.436594278845404915e-01 -1.071214932496105554e+00 -3.966968834547882850e+00 7.607102177444098334e-01 1.496810504212333859e+00 -1.492720158545937759e+00 -6.147350211549197363e-01 -1.852212170664998103e+00 -3.010627421268902149e-01 -5.981620724599107319e+00 -1.478397054003011801e+00 1.236654616537953055e+00 -1.046540693937626360e-01 -5.110324946816577896e-01 3.905927697882909388e+00 -2.880730587937856968e-01 3.135099960795467933e+00 8.211645466186915376e-01 7.189461534457096903e+00 1.493124500089568230e+01 -1.951295041600188407e-01 -1.704926713884852008e-01 2.710998557096427675e+00 1.249162222323993099e+00 3.241194917667208575e+00 -2.873476814163417603e-01 -2.006518087764991964e+00 1.337858861193172322e+00
-9.441901153110535128e-02 4.246510334389030361e-01 1.347617725350860329e+00 2.920856118479628893e+00 -6.811509646512756699e-01 2.994984423662021555e+00 -2.813755635838421920e-01 -1.113824603416766035e+00 4.271089264195452317e-01 1.171739580082069576e+00 -3.297843004964728930e+00 3.273587894039349244e-01 1.969039073540362006e+00 1.563748895926378113e+00 -3.447866942382112887e-01 -1.962080752639693060e+00 -2.410739432483168798e+00 2.513064061600875920e+00 7.008732320929292881e-01 1.680254177082616707e+00 -2.077643518156797597e+00 -2.733353256291092048e+00 2.394079808964639788e+00 5.031075686438118977e-01 -3.931832856175760949e-01 3.363616163531504721e+00 5.051880026116166711e-01 -2.297294028450071135e+00 -3.183045453632667776e+00 2.528888439249837861e-01 1.337460417994889572e-01 -6.871018818785581406e-01 1.333973487670212732e+00 -6.826158555839603181e-01 1.449959130321311074e+00 1.273592967783588437e+00 7.190988274458118834e-01 -2.020537678843230101e+00 1.382960169828336694e+00 1.661289100288265708e-01 4.385686988551356080e-01 4.532241088459044720e-01 -2.223094609161174073e+00 -2.715693326670004293e+00 1.409583548839175915e+00 -4.078528101617046708e+00 2.212567150228523349e+00 -1.843615425739516311e+00 -2.600802680105293696e+00 -7.331328925867455215e-01 2.317541695586313455e-01 3.909861843956010663e-01 -1.993362116076911272e+00 1.245592006698114984e+00 -2.666728990548436151e+00 2.594324371146244923e-01 -3.819329308615794893e+00 1.491145407291557534e+00 1.217462008437995902e+00 -1.107054844803909477e+00 -2.141120674249714639e+00 1.981777076549052552e+00 9.454899444857940705e-02 -2.240106580409802900e-02 -9.028866662106601604e-01 -2.780927448559367687e-01 -2.379044930033162419e+00 -3.539010586815896642e-02 8.219232163449543549e-01 1.757217809541305797e+00 3.043839131974678480e+00 1.530727968791334437e+00 -2.102425560400568383e+00 -8.010085104146059953e-03 4.693017712008917125e-02 -3.497167938731652881e-01 2.130126624432095994e+00 8.857838356058419516e-01 -1.713739244445934909e-02 1.814606715260731029e+00 -1.277086713613888147e+00 -4.276112424796015610e+00 -3.756480829347088046e-01 -9.392573017634552324e-01 2.584878115123089071e+00 9.095263250835096125e-01 -4.470488972732711841e-01 -1.189694050574985118e+00 3.452954713581077306e-01 9.881877763872450871e-01 9.600903847393116308e-02 1.233718419005536138e+00 -4.035479764379152900e-01 3.019705130869256848e+00 -3.028482881677758254e+00 -2.951892788047908445e-01 5.091650923853313415e+00 -1.114244120529878979e+00 -8.416696911114088797e-01 1.065507608935269301e+00
